   0.0000   0.0000   1.0000
   0.0000   0.0000  -1.0000
   0.2791   0.0383   0.9595
   0.1064   0.2609   0.9595
  -0.1727   0.2226   0.9595
  -0.2791  -0.0383   0.9595
  -0.1064  -0.2609   0.9595
   0.1727  -0.2226   0.9595
   0.5207   0.1455   0.8413
   0.3594   0.4039   0.8413
   0.0839   0.5341   0.8413
  -0.2181   0.4947   0.8413
  -0.4510   0.2982   0.8413
  -0.5406   0.0071   0.8413
  -0.4586  -0.2863   0.8413
  -0.2310  -0.4888   0.8413
   0.0699  -0.5361   0.8413
   0.3487  -0.4132   0.8413
   0.5167  -0.1591   0.8413
   0.6935   0.3004   0.6549
   0.5257   0.5429   0.6549
   0.2779   0.7028   0.6549
  -0.0122   0.7557   0.6549
  -0.3004   0.6935   0.6549
  -0.5429   0.5257   0.6549
  -0.7028   0.2779   0.6549
  -0.7557  -0.0122   0.6549
  -0.6935  -0.3004   0.6549
  -0.5257  -0.5429   0.6549
  -0.2779  -0.7028   0.6549
   0.0122  -0.7557   0.6549
   0.3004  -0.6935   0.6549
   0.5429  -0.5257   0.6549
   0.7028  -0.2779   0.6549
   0.7557   0.0122   0.6549
   0.7778   0.4716   0.4154
   0.5940   0.6889   0.4154
   0.3521   0.8387   0.4154
   0.0757   0.9065   0.4154
  -0.2082   0.8855   0.4154
  -0.4716   0.7778   0.4154
  -0.6889   0.5940   0.4154
  -0.8387   0.3521   0.4154
  -0.9065   0.0757   0.4154
  -0.8855  -0.2082   0.4154
  -0.7778  -0.4716   0.4154
  -0.5940  -0.6889   0.4154
  -0.3521  -0.8387   0.4154
  -0.0757  -0.9065   0.4154
   0.2082  -0.8855   0.4154
   0.4716  -0.7778   0.4154
   0.6889  -0.5940   0.4154
   0.8387  -0.3521   0.4154
   0.9065  -0.0757   0.4154
   0.8855   0.2082   0.4154
   0.7689   0.6234   0.1423
   0.5509   0.8223   0.1423
   0.2841   0.9482   0.1423
  -0.0080   0.9898   0.1423
  -0.2994   0.9435   0.1423
  -0.5642   0.8133   0.1423
  -0.7788   0.6109   0.1423
  -0.9243   0.3541   0.1423
  -0.9876   0.0660   0.1423
  -0.9632  -0.2281   0.1423
  -0.8532  -0.5018   0.1423
  -0.6674  -0.7310   0.1423
  -0.4222  -0.8952   0.1423
  -0.1396  -0.9799   0.1423
   0.1554  -0.9775   0.1423
   0.4367  -0.8883   0.1423
   0.6791  -0.7201   0.1423
   0.8612  -0.4880   0.1423
   0.9668  -0.2124   0.1423
   0.9864   0.0820   0.1423
   0.9184   0.3691   0.1423
   0.6770   0.7221  -0.1423
   0.4341   0.8895  -0.1423
   0.1527   0.9780  -0.1423
  -0.1424   0.9795  -0.1423
  -0.4248   0.8940  -0.1423
  -0.6694   0.7291  -0.1423
  -0.8546   0.4994  -0.1423
  -0.9638   0.2253  -0.1423
  -0.9874  -0.0688  -0.1423
  -0.9233  -0.3568  -0.1423
  -0.7771  -0.6131  -0.1423
  -0.5619  -0.8149  -0.1423
  -0.2967  -0.9443  -0.1423
  -0.0052  -0.9898  -0.1423
   0.2868  -0.9474  -0.1423
   0.5533  -0.8207  -0.1423
   0.7706  -0.6212  -0.1423
   0.9195  -0.3664  -0.1423
   0.9867  -0.0791  -0.1423
   0.9661   0.2152  -0.1423
   0.8598   0.4904  -0.1423
   0.5263   0.7419  -0.4154
   0.2713   0.8682  -0.4154
  -0.0103   0.9096  -0.4154
  -0.2909   0.8619  -0.4154
  -0.5430   0.7298  -0.4154
  -0.7419   0.5263  -0.4154
  -0.8682   0.2713  -0.4154
  -0.9096  -0.0103  -0.4154
  -0.8619  -0.2909  -0.4154
  -0.7298  -0.5430  -0.4154
  -0.5263  -0.7419  -0.4154
  -0.2713  -0.8682  -0.4154
   0.0103  -0.9096  -0.4154
   0.2909  -0.8619  -0.4154
   0.5430  -0.7298  -0.4154
   0.7419  -0.5263  -0.4154
   0.8682  -0.2713  -0.4154
   0.9096   0.0103  -0.4154
   0.8619   0.2909  -0.4154
   0.7298   0.5430  -0.4154
   0.3495   0.6701  -0.6549
   0.0664   0.7528  -0.6549
  -0.2267   0.7209  -0.6549
  -0.4853   0.5793  -0.6549
  -0.6701   0.3495  -0.6549
  -0.7528   0.0664  -0.6549
  -0.7209  -0.2267  -0.6549
  -0.5793  -0.4853  -0.6549
  -0.3495  -0.6701  -0.6549
  -0.0664  -0.7528  -0.6549
   0.2267  -0.7209  -0.6549
   0.4853  -0.5793  -0.6549
   0.6701  -0.3495  -0.6549
   0.7528  -0.0664  -0.6549
   0.7209   0.2267  -0.6549
   0.5793   0.4853  -0.6549
   0.1826   0.5089  -0.8413
  -0.1215   0.5268  -0.8413
  -0.3871   0.3775  -0.8413
  -0.5297   0.1083  -0.8413
  -0.5041  -0.1953  -0.8413
  -0.3185  -0.4368  -0.8413
  -0.0318  -0.5397  -0.8413
   0.2650  -0.4712  -0.8413
   0.4777  -0.2531  -0.8413
   0.5387   0.0453  -0.8413
   0.4287   0.3294  -0.8413
   0.0582   0.2756  -0.9595
  -0.2096   0.1883  -0.9595
  -0.2678  -0.0874  -0.9595
  -0.0582  -0.2756  -0.9595
   0.2096  -0.1883  -0.9595
   0.2678   0.0874  -0.9595
