   0.0000   0.0000   1.0000
   0.0000   0.0000  -1.0000
   0.1830   0.0162   0.9830
   0.0775   0.1666   0.9830
  -0.1055   0.1504   0.9830
  -0.1830  -0.0162   0.9830
  -0.0775  -0.1666   0.9830
   0.1055  -0.1504   0.9830
   0.3556   0.0634   0.9325
   0.2763   0.2327   0.9325
   0.1229   0.3397   0.9325
  -0.0634   0.3556   0.9325
  -0.2327   0.2763   0.9325
  -0.3397   0.1229   0.9325
  -0.3556  -0.0634   0.9325
  -0.2763  -0.2327   0.9325
  -0.1229  -0.3397   0.9325
   0.0634  -0.3556   0.9325
   0.2327  -0.2763   0.9325
   0.3397  -0.1229   0.9325
   0.5081   0.1376   0.8502
   0.4241   0.3119   0.8502
   0.2828   0.4440   0.8502
   0.1033   0.5162   0.8502
  -0.0902   0.5187   0.8502
  -0.2714   0.4511   0.8502
  -0.4160   0.3226   0.8502
  -0.5045   0.1505   0.8502
  -0.5248  -0.0419   0.8502
  -0.4742  -0.2286   0.8502
  -0.3596  -0.3845   0.8502
  -0.1964  -0.4884   0.8502
  -0.0067  -0.5264   0.8502
   0.1839  -0.4933   0.8502
   0.3497  -0.3935   0.8502
   0.4682  -0.2406   0.8502
   0.5235  -0.0552   0.8502
   0.6322   0.2327   0.7390
   0.5411   0.4014   0.7390
   0.4061   0.5376   0.7390
   0.2382   0.6302   0.7390
   0.0510   0.6718   0.7390
  -0.1404   0.6589   0.7390
  -0.3203   0.5927   0.7390
  -0.4743   0.4784   0.7390
  -0.5899   0.3254   0.7390
  -0.6577   0.1461   0.7390
  -0.6722  -0.0452   0.7390
  -0.6322  -0.2327   0.7390
  -0.5411  -0.4014   0.7390
  -0.4061  -0.5376   0.7390
  -0.2382  -0.6302   0.7390
  -0.0510  -0.6718   0.7390
   0.1404  -0.6589   0.7390
   0.3203  -0.5927   0.7390
   0.4743  -0.4784   0.7390
   0.5899  -0.3254   0.7390
   0.6577  -0.1461   0.7390
   0.6722   0.0452   0.7390
   0.7217   0.3405   0.6026
   0.6237   0.4978   0.6026
   0.4921   0.6282   0.6026
   0.3340   0.7248   0.6026
   0.1578   0.7822   0.6026
  -0.0268   0.7976   0.6026
  -0.2100   0.7699   0.6026
  -0.3819   0.7007   0.6026
  -0.5332   0.5937   0.6026
  -0.6558   0.4548   0.6026
  -0.7430   0.2913   0.6026
  -0.7901   0.1121   0.6026
  -0.7947  -0.0731   0.6026
  -0.7564  -0.2544   0.6026
  -0.6773  -0.4220   0.6026
  -0.5617  -0.5668   0.6026
  -0.4159  -0.6811   0.6026
  -0.2476  -0.7586   0.6026
  -0.0660  -0.7953   0.6026
   0.1192  -0.7891   0.6026
   0.2980  -0.7403   0.6026
   0.4607  -0.6516   0.6026
   0.5985  -0.5278   0.6026
   0.7041  -0.3756   0.6026
   0.7717  -0.2031   0.6026
   0.7978  -0.0196   0.6026
   0.7808   0.1649   0.6026
   0.7728   0.4518   0.4457
   0.6620   0.6026   0.4457
   0.5222   0.7270   0.4457
   0.3597   0.8197   0.4457
   0.1814   0.8766   0.4457
  -0.0048   0.8952   0.4457
  -0.1908   0.8746   0.4457
  -0.3685   0.8158   0.4457
  -0.5301   0.7213   0.4457
  -0.6685   0.5954   0.4457
  -0.7776   0.4434   0.4457
  -0.8528   0.2720   0.4457
  -0.8908   0.0888   0.4457
  -0.8897  -0.0984   0.4457
  -0.8498  -0.2812   0.4457
  -0.7728  -0.4518   0.4457
  -0.6620  -0.6026   0.4457
  -0.5222  -0.7270   0.4457
  -0.3597  -0.8197   0.4457
  -0.1814  -0.8766   0.4457
   0.0048  -0.8952   0.4457
   0.1908  -0.8746   0.4457
   0.3685  -0.8158   0.4457
   0.5301  -0.7213   0.4457
   0.6685  -0.5954   0.4457
   0.7776  -0.4434   0.4457
   0.8528  -0.2720   0.4457
   0.8908  -0.0888   0.4457
   0.8897   0.0984   0.4457
   0.8498   0.2812   0.4457
   0.7844   0.5566   0.2737
   0.6607   0.6990   0.2737
   0.5117   0.8144   0.2737
   0.3429   0.8986   0.2737
   0.1610   0.9482   0.2737
  -0.0270   0.9614   0.2737
  -0.2141   0.9377   0.2737
  -0.3929   0.8779   0.2737
  -0.5566   0.7844   0.2737
  -0.6990   0.6607   0.2737
  -0.8144   0.5117   0.2737
  -0.8986   0.3429   0.2737
  -0.9482   0.1610   0.2737
  -0.9614  -0.0270   0.2737
  -0.9377  -0.2141   0.2737
  -0.8779  -0.3929   0.2737
  -0.7844  -0.5566   0.2737
  -0.6607  -0.6990   0.2737
  -0.5117  -0.8144   0.2737
  -0.3429  -0.8986   0.2737
  -0.1610  -0.9482   0.2737
   0.0270  -0.9614   0.2737
   0.2141  -0.9377   0.2737
   0.3929  -0.8779   0.2737
   0.5566  -0.7844   0.2737
   0.6990  -0.6607   0.2737
   0.8144  -0.5117   0.2737
   0.8986  -0.3429   0.2737
   0.9482  -0.1610   0.2737
   0.9614   0.0270   0.2737
   0.9377   0.2141   0.2737
   0.8779   0.3929   0.2737
   0.7581   0.6455   0.0923
   0.6223   0.7773   0.0923
   0.4639   0.8811   0.0923
   0.2888   0.9529   0.0923
   0.1032   0.9904   0.0923
  -0.0861   0.9920   0.0923
  -0.2723   0.9578   0.0923
  -0.4486   0.8890   0.0923
  -0.6087   0.7880   0.0923
  -0.7469   0.6586   0.0923
  -0.8580   0.5053   0.0923
  -0.9381   0.3338   0.0923
  -0.9843   0.1502   0.0923
  -0.9950  -0.0388   0.0923
  -0.9697  -0.2264   0.0923
  -0.9093  -0.4058   0.0923
  -0.8161  -0.5705   0.0923
  -0.6933  -0.7147   0.0923
  -0.5456  -0.8330   0.0923
  -0.3781  -0.9212   0.0923
  -0.1969  -0.9761   0.0923
  -0.0086  -0.9957   0.0923
   0.1800  -0.9793   0.0923
   0.3621  -0.9276   0.0923
   0.5311  -0.8423   0.0923
   0.6809  -0.7266   0.0923
   0.8061  -0.5846   0.0923
   0.9021  -0.4215   0.0923
   0.9656  -0.2431   0.0923
   0.9942  -0.0560   0.0923
   0.9868   0.1332   0.0923
   0.9438   0.3175   0.0923
   0.8666   0.4904   0.0923
   0.6984   0.7098  -0.0923
   0.5514   0.8291  -0.0923
   0.3845   0.9185  -0.0923
   0.2038   0.9747  -0.0923
   0.0156   0.9956  -0.0923
  -0.1731   0.9806  -0.0923
  -0.3555   0.9301  -0.0923
  -0.5251   0.8460  -0.0923
  -0.6757   0.7313  -0.0923
  -0.8019   0.5902  -0.0923
  -0.8992   0.4278  -0.0923
  -0.9639   0.2499  -0.0923
  -0.9937   0.0630  -0.0923
  -0.9877  -0.1262  -0.0923
  -0.9460  -0.3109  -0.0923
  -0.8700  -0.4843  -0.0923
  -0.7627  -0.6402  -0.0923
  -0.6277  -0.7729  -0.0923
  -0.4701  -0.8778  -0.0923
  -0.2955  -0.9509  -0.0923
  -0.1102  -0.9896  -0.0923
   0.0791  -0.9926  -0.0923
   0.2655  -0.9597  -0.0923
   0.4423  -0.8921  -0.0923
   0.6032  -0.7923  -0.0923
   0.7422  -0.6638  -0.0923
   0.8544  -0.5113  -0.0923
   0.9357  -0.3404  -0.0923
   0.9833  -0.1572  -0.0923
   0.9952   0.0318  -0.0923
   0.9712   0.2195  -0.0923
   0.9121   0.3994  -0.0923
   0.8201   0.5648  -0.0923
   0.6116   0.7423  -0.2737
   0.4550   0.8474  -0.2737
   0.2809   0.9199  -0.2737
   0.0961   0.9570  -0.2737
  -0.0925   0.9574  -0.2737
  -0.2775   0.9209  -0.2737
  -0.4518   0.8491  -0.2737
  -0.6088   0.7447  -0.2737
  -0.7423   0.6116  -0.2737
  -0.8474   0.4550  -0.2737
  -0.9199   0.2809  -0.2737
  -0.9570   0.0961  -0.2737
  -0.9574  -0.0925  -0.2737
  -0.9209  -0.2775  -0.2737
  -0.8491  -0.4518  -0.2737
  -0.7447  -0.6088  -0.2737
  -0.6116  -0.7423  -0.2737
  -0.4550  -0.8474  -0.2737
  -0.2809  -0.9199  -0.2737
  -0.0961  -0.9570  -0.2737
   0.0925  -0.9574  -0.2737
   0.2775  -0.9209  -0.2737
   0.4518  -0.8491  -0.2737
   0.6088  -0.7447  -0.2737
   0.7423  -0.6116  -0.2737
   0.8474  -0.4550  -0.2737
   0.9199  -0.2809  -0.2737
   0.9570  -0.0961  -0.2737
   0.9574   0.0925  -0.2737
   0.9209   0.2775  -0.2737
   0.8491   0.4518  -0.2737
   0.7447   0.6088  -0.2737
   0.5061   0.7383  -0.4457
   0.3416   0.8274  -0.4457
   0.1621   0.8804  -0.4457
  -0.0245   0.8948  -0.4457
  -0.2100   0.8702  -0.4457
  -0.3863   0.8075  -0.4457
  -0.5458   0.7095  -0.4457
  -0.6814   0.5806  -0.4457
  -0.7872   0.4262  -0.4457
  -0.8586   0.2532  -0.4457
  -0.8925   0.0692  -0.4457
  -0.8874  -0.1179  -0.4457
  -0.8435  -0.2998  -0.4457
  -0.7627  -0.4686  -0.4457
  -0.6486  -0.6170  -0.4457
  -0.5061  -0.7383  -0.4457
  -0.3416  -0.8274  -0.4457
  -0.1621  -0.8804  -0.4457
   0.0245  -0.8948  -0.4457
   0.2100  -0.8702  -0.4457
   0.3863  -0.8075  -0.4457
   0.5458  -0.7095  -0.4457
   0.6814  -0.5806  -0.4457
   0.7872  -0.4262  -0.4457
   0.8586  -0.2532  -0.4457
   0.8925  -0.0692  -0.4457
   0.8874   0.1179  -0.4457
   0.8435   0.2998  -0.4457
   0.7627   0.4686  -0.4457
   0.6486   0.6170  -0.4457
   0.3915   0.6954  -0.6026
   0.2206   0.7669  -0.6026
   0.0378   0.7971  -0.6026
  -0.1471   0.7843  -0.6026
  -0.3240   0.7293  -0.6026
  -0.4834   0.6349  -0.6026
  -0.6168   0.5063  -0.6026
  -0.7170   0.3504  -0.6026
  -0.7785   0.1756  -0.6026
  -0.7980  -0.0086  -0.6026
  -0.7745  -0.1924  -0.6026
  -0.7092  -0.3658  -0.6026
  -0.6057  -0.5195  -0.6026
  -0.4696  -0.6452  -0.6026
  -0.3081  -0.7361  -0.6026
  -0.1301  -0.7873  -0.6026
   0.0550  -0.7961  -0.6026
   0.2371  -0.7620  -0.6026
   0.4065  -0.6867  -0.6026
   0.5539  -0.5745  -0.6026
   0.6714  -0.4313  -0.6026
   0.7528  -0.2648  -0.6026
   0.7936  -0.0841  -0.6026
   0.7916   0.1012  -0.6026
   0.7469   0.2810  -0.6026
   0.6620   0.4457  -0.6026
   0.5413   0.5863  -0.6026
   0.2775   0.6139  -0.7390
   0.0934   0.6672  -0.7390
  -0.0984   0.6665  -0.7390
  -0.2822   0.6118  -0.7390
  -0.4431   0.5075  -0.7390
  -0.5681   0.3621  -0.7390
  -0.6471   0.1874  -0.7390
  -0.6737  -0.0025  -0.7390
  -0.6457  -0.1922  -0.7390
  -0.5654  -0.3664  -0.7390
  -0.4392  -0.5108  -0.7390
  -0.2775  -0.6139  -0.7390
  -0.0934  -0.6672  -0.7390
   0.0984  -0.6665  -0.7390
   0.2822  -0.6118  -0.7390
   0.4431  -0.5075  -0.7390
   0.5681  -0.3621  -0.7390
   0.6471  -0.1874  -0.7390
   0.6737   0.0025  -0.7390
   0.6457   0.1922  -0.7390
   0.5654   0.3664  -0.7390
   0.4392   0.5108  -0.7390
   0.1738   0.4969  -0.8502
  -0.0174   0.5261  -0.8502
  -0.2063   0.4843  -0.8502
  -0.3674   0.3771  -0.8502
  -0.4788   0.2189  -0.8502
  -0.5255   0.0312  -0.8502
  -0.5013  -0.1608  -0.8502
  -0.4094  -0.3310  -0.8502
  -0.2621  -0.4565  -0.8502
  -0.0795  -0.5204  -0.8502
   0.1138  -0.5140  -0.8502
   0.2918  -0.4382  -0.8502
   0.4304  -0.3031  -0.8502
   0.5108  -0.1272  -0.8502
   0.5223   0.0659  -0.8502
   0.4632   0.2501  -0.8502
   0.3416   0.4006  -0.8502
   0.0888   0.3502  -0.9325
  -0.0982   0.3476  -0.9325
  -0.2589   0.2520  -0.9325
  -0.3502   0.0888  -0.9325
  -0.3476  -0.0982  -0.9325
  -0.2520  -0.2589  -0.9325
  -0.0888  -0.3502  -0.9325
   0.0982  -0.3476  -0.9325
   0.2589  -0.2520  -0.9325
   0.3502  -0.0888  -0.9325
   0.3476   0.0982  -0.9325
   0.2520   0.2589  -0.9325
   0.0293   0.1814  -0.9830
  -0.1424   0.1161  -0.9830
  -0.1717  -0.0653  -0.9830
  -0.0293  -0.1814  -0.9830
   0.1424  -0.1161  -0.9830
   0.1717   0.0653  -0.9830
