   0.0000   0.0000   1.0000
   0.0000   0.0000  -1.0000
   0.4240   0.0922   0.9010
   0.1321   0.4133   0.9010
  -0.2918   0.3211   0.9010
  -0.4240  -0.0922   0.9010
  -0.1321  -0.4133   0.9010
   0.2918  -0.3211   0.9010
   0.7112   0.3247   0.6235
   0.3846   0.6807   0.6235
  -0.0890   0.7767   0.6235
  -0.5286   0.5761   0.6235
  -0.7662   0.1554   0.6235
  -0.7112  -0.3247   0.6235
  -0.3846  -0.6807   0.6235
   0.0890  -0.7767   0.6235
   0.5286  -0.5761   0.6235
   0.7662  -0.1554   0.6235
   0.7806   0.5841   0.2225
   0.4198   0.8799   0.2225
  -0.0372   0.9742   0.2225
  -0.4857   0.8453   0.2225
  -0.8229   0.5228   0.2225
  -0.9716   0.0805   0.2225
  -0.8977  -0.3803   0.2225
  -0.6181  -0.7539   0.2225
  -0.1970  -0.9548   0.2225
   0.2693  -0.9370   0.2225
   0.6739  -0.7045   0.2225
   0.9241  -0.3106   0.2225
   0.9626   0.1544   0.2225
   0.6387   0.7366  -0.2225
   0.2232   0.9490  -0.2225
  -0.2434   0.9441  -0.2225
  -0.6542   0.7228  -0.2225
  -0.9152   0.3360  -0.2225
  -0.9665  -0.1278  -0.2225
  -0.7964  -0.5624  -0.2225
  -0.4438  -0.8680  -0.2225
   0.0104  -0.9749  -0.2225
   0.4623  -0.8584  -0.2225
   0.8082  -0.5452  -0.2225
   0.9690  -0.1072  -0.2225
   0.9078   0.3554  -0.2225
   0.3750   0.6861  -0.6235
  -0.0999   0.7754  -0.6235
  -0.5366   0.5686  -0.6235
  -0.7683   0.1446  -0.6235
  -0.7066  -0.3346  -0.6235
  -0.3750  -0.6861  -0.6235
   0.0999  -0.7754  -0.6235
   0.5366  -0.5686  -0.6235
   0.7683  -0.1446  -0.6235
   0.7066   0.3346  -0.6235
   0.1224   0.4163  -0.9010
  -0.2993   0.3142  -0.9010
  -0.4217  -0.1021  -0.9010
  -0.1224  -0.4163  -0.9010
   0.2993  -0.3142  -0.9010
   0.4217   0.1021  -0.9010
