   0.0000   0.0000   1.0000
   1.0000   0.0000   0.0000
   0.0000   1.0000   0.0000
  -1.0000   0.0000   0.0000
   0.0000  -1.0000   0.0000
   0.0000   0.0000  -1.0000
   0.3373   0.0567   0.9397
   0.1195   0.3204   0.9397
  -0.2177   0.2638   0.9397
  -0.3373  -0.0567   0.9397
  -0.1195  -0.3204   0.9397
   0.2177  -0.2638   0.9397
   0.6075   0.2102   0.7660
   0.3974   0.5052   0.7660
   0.0612   0.6399   0.7660
  -0.2945   0.5714   0.7660
  -0.5566   0.3215   0.7660
  -0.6421  -0.0305   0.7660
  -0.5236  -0.3728   0.7660
  -0.2390  -0.5967   0.7660
   0.1216  -0.6312   0.7660
   0.4435  -0.4653   0.7660
   0.6246  -0.1516   0.7660
   0.7602   0.4149   0.5000
   0.5257   0.6882   0.5000
   0.2003   0.8425   0.5000
  -0.1597   0.8512   0.5000
  -0.4921   0.7126   0.5000
  -0.7394   0.4509   0.5000
  -0.8589   0.1112   0.5000
  -0.8298  -0.2478   0.5000
  -0.6573  -0.5639   0.5000
  -0.3711  -0.7825   0.5000
  -0.0208  -0.8658   0.5000
   0.3332  -0.7994   0.5000
   0.6295  -0.5948   0.5000
   0.8170  -0.2873   0.5000
   0.8632   0.0698   0.5000
   0.7743   0.6086   0.1736
   0.5021   0.8472   0.1736
   0.1622   0.9714   0.1736
  -0.1997   0.9644   0.1736
  -0.5345   0.8271   0.1736
  -0.7972   0.5782   0.1736
  -0.9523   0.2511   0.1736
  -0.9787  -0.1098   0.1736
  -0.8729  -0.4559   0.1736
  -0.6492  -0.7405   0.1736
  -0.3379  -0.9250   0.1736
   0.0191  -0.9846   0.1736
   0.3735  -0.9112   0.1736
   0.6774  -0.7148   0.1736
   0.8899  -0.4218   0.1736
   0.9822  -0.0719   0.1736
   0.9418   0.2878   0.1736
   0.6627   0.7285  -0.1736
   0.3547   0.9187  -0.1736
  -0.0011   0.9848  -0.1736
  -0.3568   0.9179  -0.1736
  -0.6643   0.7271  -0.1736
  -0.8820   0.4380  -0.1736
  -0.9807   0.0898  -0.1736
  -0.9469  -0.2705  -0.1736
  -0.7852  -0.5943  -0.1736
  -0.5175  -0.8379  -0.1736
  -0.1799  -0.9682  -0.1736
   0.1820  -0.9678  -0.1736
   0.5194  -0.8367  -0.1736
   0.7865  -0.5926  -0.1736
   0.9475  -0.2685  -0.1736
   0.9805   0.0919  -0.1736
   0.8811   0.4399  -0.1736
   0.4685   0.7284  -0.5000
   0.1317   0.8560  -0.5000
  -0.2278   0.8355  -0.5000
  -0.5480   0.6706  -0.5000
  -0.7734   0.3898  -0.5000
  -0.8650   0.0415  -0.5000
  -0.8071  -0.3139  -0.5000
  -0.6097  -0.6151  -0.5000
  -0.3068  -0.8099  -0.5000
   0.0491  -0.8646  -0.5000
   0.3966  -0.7699  -0.5000
   0.6754  -0.5420  -0.5000
   0.8375  -0.2205  -0.5000
   0.8548   0.1392  -0.5000
   0.7242   0.4749  -0.5000
   0.2533   0.5908  -0.7660
  -0.1063   0.6339  -0.7660
  -0.4322   0.4758  -0.7660
  -0.6208   0.1666  -0.7660
  -0.6123  -0.1955  -0.7660
  -0.4095  -0.4955  -0.7660
  -0.0766  -0.6382  -0.7660
   0.2806  -0.5783  -0.7660
   0.5487  -0.3348  -0.7660
   0.6426   0.0150  -0.7660
   0.5325   0.3601  -0.7660
   0.0808   0.3323  -0.9397
  -0.2474   0.2361  -0.9397
  -0.3282  -0.0962  -0.9397
  -0.0808  -0.3323  -0.9397
   0.2474  -0.2361  -0.9397
   0.3282   0.0962  -0.9397
