   0.0000   0.0000   1.0000
   0.0000   0.0000  -1.0000
   0.1251   0.0075   0.9921
   0.0561   0.1121   0.9921
  -0.0691   0.1046   0.9921
  -0.1251  -0.0075   0.9921
  -0.0561  -0.1121   0.9921
   0.0691  -0.1046   0.9921
   0.2469   0.0297   0.9686
   0.1990   0.1492   0.9686
   0.0977   0.2287   0.9686
  -0.0297   0.2469   0.9686
  -0.1492   0.1990   0.9686
  -0.2287   0.0977   0.9686
  -0.2469  -0.0297   0.9686
  -0.1990  -0.1492   0.9686
  -0.0977  -0.2287   0.9686
   0.0297  -0.2469   0.9686
   0.1492  -0.1990   0.9686
   0.2287  -0.0977   0.9686
   0.3622   0.0659   0.9298
   0.3178   0.1858   0.9298
   0.2351   0.2833   0.9298
   0.1241   0.3466   0.9298
  -0.0020   0.3681   0.9298
  -0.1277   0.3452   0.9298
  -0.2381   0.2807   0.9298
  -0.3198   0.1824   0.9298
  -0.3629   0.0620   0.9298
  -0.3622  -0.0659   0.9298
  -0.3178  -0.1858   0.9298
  -0.2351  -0.2833   0.9298
  -0.1241  -0.3466   0.9298
   0.0020  -0.3681   0.9298
   0.1277  -0.3452   0.9298
   0.2381  -0.2807   0.9298
   0.3198  -0.1824   0.9298
   0.3629  -0.0620   0.9298
   0.4680   0.1144   0.8763
   0.4224   0.2316   0.8763
   0.3481   0.3331   0.8763
   0.2500   0.4118   0.8763
   0.1349   0.4625   0.8763
   0.0106   0.4816   0.8763
  -0.1144   0.4680   0.8763
  -0.2316   0.4224   0.8763
  -0.3331   0.3481   0.8763
  -0.4118   0.2500   0.8763
  -0.4625   0.1349   0.8763
  -0.4816   0.0106   0.8763
  -0.4680  -0.1144   0.8763
  -0.4224  -0.2316   0.8763
  -0.3481  -0.3331   0.8763
  -0.2500  -0.4118   0.8763
  -0.1349  -0.4625   0.8763
  -0.0106  -0.4816   0.8763
   0.1144  -0.4680   0.8763
   0.2316  -0.4224   0.8763
   0.3331  -0.3481   0.8763
   0.4118  -0.2500   0.8763
   0.4625  -0.1349   0.8763
   0.4816  -0.0106   0.8763
   0.5616   0.1736   0.8090
   0.5111   0.2902   0.8090
   0.4368   0.3933   0.8090
   0.3420   0.4780   0.8090
   0.2313   0.5404   0.8090
   0.1097   0.5775   0.8090
  -0.0170   0.5875   0.8090
  -0.1429   0.5701   0.8090
  -0.2621   0.5261   0.8090
  -0.3691   0.4574   0.8090
  -0.4588   0.3674   0.8090
  -0.5271   0.2602   0.8090
  -0.5707   0.1408   0.8090
  -0.5876   0.0148   0.8090
  -0.5770  -0.1118   0.8090
  -0.5395  -0.2333   0.8090
  -0.4768  -0.3438   0.8090
  -0.3917  -0.4382   0.8090
  -0.2883  -0.5122   0.8090
  -0.1715  -0.5622   0.8090
  -0.0466  -0.5859   0.8090
   0.0804  -0.5823   0.8090
   0.2037  -0.5514   0.8090
   0.3175  -0.4947   0.8090
   0.4164  -0.4149   0.8090
   0.4958  -0.3156   0.8090
   0.5521  -0.2017   0.8090
   0.5826  -0.0783   0.8090
   0.5858   0.0488   0.8090
   0.6407   0.2410   0.7290
   0.5855   0.3546   0.7290
   0.5104   0.4562   0.7290
   0.4179   0.5422   0.7290
   0.3112   0.6097   0.7290
   0.1938   0.6565   0.7290
   0.0699   0.6810   0.7290
  -0.0564   0.6822   0.7290
  -0.1808   0.6602   0.7290
  -0.2991   0.6158   0.7290
  -0.4071   0.5503   0.7290
  -0.5013   0.4661   0.7290
  -0.5784   0.3661   0.7290
  -0.6358   0.2536   0.7290
  -0.6716   0.1324   0.7290
  -0.6845   0.0068   0.7290
  -0.6741  -0.1191   0.7290
  -0.6407  -0.2410   0.7290
  -0.5855  -0.3546   0.7290
  -0.5104  -0.4562   0.7290
  -0.4179  -0.5422   0.7290
  -0.3112  -0.6097   0.7290
  -0.1938  -0.6565   0.7290
  -0.0699  -0.6810   0.7290
   0.0564  -0.6822   0.7290
   0.1808  -0.6602   0.7290
   0.2991  -0.6158   0.7290
   0.4071  -0.5503   0.7290
   0.5013  -0.4661   0.7290
   0.5784  -0.3661   0.7290
   0.6358  -0.2536   0.7290
   0.6716  -0.1324   0.7290
   0.6845  -0.0068   0.7290
   0.6741   0.1191   0.7290
   0.7036   0.3140   0.6374
   0.6424   0.4255   0.6374
   0.5636   0.5254   0.6374
   0.4694   0.6110   0.6374
   0.3624   0.6799   0.6374
   0.2456   0.7303   0.6374
   0.1220   0.7608   0.6374
  -0.0049   0.7705   0.6374
  -0.1316   0.7592   0.6374
  -0.2548   0.7272   0.6374
  -0.3710   0.6753   0.6374
  -0.4771   0.6050   0.6374
  -0.5702   0.5183   0.6374
  -0.6477   0.4174   0.6374
  -0.7076   0.3051   0.6374
  -0.7481   0.1844   0.6374
  -0.7683   0.0588   0.6374
  -0.7675  -0.0685   0.6374
  -0.7457  -0.1939   0.6374
  -0.7036  -0.3140   0.6374
  -0.6424  -0.4255   0.6374
  -0.5636  -0.5254   0.6374
  -0.4694  -0.6110   0.6374
  -0.3624  -0.6799   0.6374
  -0.2456  -0.7303   0.6374
  -0.1220  -0.7608   0.6374
   0.0049  -0.7705   0.6374
   0.1316  -0.7592   0.6374
   0.2548  -0.7272   0.6374
   0.3710  -0.6753   0.6374
   0.4771  -0.6050   0.6374
   0.5702  -0.5183   0.6374
   0.6477  -0.4174   0.6374
   0.7076  -0.3051   0.6374
   0.7481  -0.1844   0.6374
   0.7683  -0.0588   0.6374
   0.7675   0.0685   0.6374
   0.7457   0.1939   0.6374
   0.7491   0.3896   0.5358
   0.6826   0.4969   0.5358
   0.6009   0.5931   0.5358
   0.5058   0.6760   0.5358
   0.3994   0.7439   0.5358
   0.2841   0.7951   0.5358
   0.1624   0.8286   0.5358
   0.0371   0.8435   0.5358
  -0.0890   0.8396   0.5358
  -0.2132   0.8170   0.5358
  -0.3326   0.7761   0.5358
  -0.4445   0.7178   0.5358
  -0.5465   0.6436   0.5358
  -0.6363   0.5549   0.5358
  -0.7119   0.4539   0.5358
  -0.7716   0.3427   0.5358
  -0.8141   0.2239   0.5358
  -0.8384   0.1000   0.5358
  -0.8439  -0.0260   0.5358
  -0.8306  -0.1515   0.5358
  -0.7988  -0.2736   0.5358
  -0.7491  -0.3896   0.5358
  -0.6826  -0.4969   0.5358
  -0.6009  -0.5931   0.5358
  -0.5058  -0.6760   0.5358
  -0.3994  -0.7439   0.5358
  -0.2841  -0.7951   0.5358
  -0.1624  -0.8286   0.5358
  -0.0371  -0.8435   0.5358
   0.0890  -0.8396   0.5358
   0.2132  -0.8170   0.5358
   0.3326  -0.7761   0.5358
   0.4445  -0.7178   0.5358
   0.5465  -0.6436   0.5358
   0.6363  -0.5549   0.5358
   0.7119  -0.4539   0.5358
   0.7716  -0.3427   0.5358
   0.8141  -0.2239   0.5358
   0.8384  -0.1000   0.5358
   0.8439   0.0260   0.5358
   0.8306   0.1515   0.5358
   0.7988   0.2736   0.5358
   0.7763   0.4649   0.4258
   0.7040   0.5684   0.4258
   0.6181   0.6608   0.4258
   0.5201   0.7404   0.4258
   0.4120   0.8056   0.4258
   0.2958   0.8551   0.4258
   0.1739   0.8879   0.4258
   0.0487   0.9035   0.4258
  -0.0775   0.9015   0.4258
  -0.2023   0.8819   0.4258
  -0.3230   0.8452   0.4258
  -0.4375   0.7920   0.4258
  -0.5435   0.7234   0.4258
  -0.6389   0.6407   0.4258
  -0.7218   0.5456   0.4258
  -0.7907   0.4398   0.4258
  -0.8443   0.3255   0.4258
  -0.8813   0.2048   0.4258
  -0.9013   0.0802   0.4258
  -0.9037  -0.0460   0.4258
  -0.8885  -0.1713   0.4258
  -0.8560  -0.2933   0.4258
  -0.8068  -0.4096   0.4258
  -0.7420  -0.5179   0.4258
  -0.6627  -0.6161   0.4258
  -0.5705  -0.7023   0.4258
  -0.4672  -0.7749   0.4258
  -0.3548  -0.8324   0.4258
  -0.2355  -0.8737   0.4258
  -0.1116  -0.8979   0.4258
   0.0145  -0.9047   0.4258
   0.1402  -0.8939   0.4258
   0.2633  -0.8657   0.4258
   0.3812  -0.8206   0.4258
   0.4917  -0.7596   0.4258
   0.5926  -0.6838   0.4258
   0.6820  -0.5946   0.4258
   0.7581  -0.4939   0.4258
   0.8195  -0.3836   0.4258
   0.8649  -0.2658   0.4258
   0.8935  -0.1429   0.4258
   0.9047  -0.0171   0.4258
   0.8982   0.1090   0.4258
   0.8743   0.2329   0.4258
   0.8334   0.3523   0.4258
   0.7852   0.5366   0.3090
   0.7067   0.6365   0.3090
   0.6155   0.7250   0.3090
   0.5134   0.8006   0.3090
   0.4021   0.8619   0.3090
   0.2836   0.9078   0.3090
   0.1601   0.9375   0.3090
   0.0337   0.9505   0.3090
  -0.0933   0.9465   0.3090
  -0.2186   0.9256   0.3090
  -0.3400   0.8882   0.3090
  -0.4554   0.8350   0.3090
  -0.5626   0.7668   0.3090
  -0.6598   0.6850   0.3090
  -0.7452   0.5909   0.3090
  -0.8173   0.4863   0.3090
  -0.8748   0.3731   0.3090
  -0.9168   0.2531   0.3090
  -0.9423   0.1287   0.3090
  -0.9511   0.0019   0.3090
  -0.9428  -0.1248   0.3090
  -0.9178  -0.2494   0.3090
  -0.8763  -0.3695   0.3090
  -0.8193  -0.4830   0.3090
  -0.7476  -0.5879   0.3090
  -0.6626  -0.6823   0.3090
  -0.5657  -0.7645   0.3090
  -0.4588  -0.8331   0.3090
  -0.3436  -0.8868   0.3090
  -0.2224  -0.9247   0.3090
  -0.0971  -0.9461   0.3090
   0.0298  -0.9506   0.3090
   0.1563  -0.9381   0.3090
   0.2799  -0.9089   0.3090
   0.3986  -0.8635   0.3090
   0.5101  -0.8027   0.3090
   0.6125  -0.7275   0.3090
   0.7041  -0.6394   0.3090
   0.7830  -0.5398   0.3090
   0.8480  -0.4307   0.3090
   0.8978  -0.3138   0.3090
   0.9316  -0.1913   0.3090
   0.9488  -0.0655   0.3090
   0.9491   0.0616   0.3090
   0.9324   0.1875   0.3090
   0.8991   0.3101   0.3090
   0.8497   0.4272   0.3090
   0.7763   0.6019   0.1874
   0.6930   0.6962   0.1874
   0.5982   0.7791   0.1874
   0.4937   0.8492   0.1874
   0.3811   0.9054   0.1874
   0.2622   0.9467   0.1874
   0.1389   0.9724   0.1874
   0.0135   0.9822   0.1874
  -0.1123   0.9759   0.1874
  -0.2361   0.9535   0.1874
  -0.3561   0.9155   0.1874
  -0.4703   0.8624   0.1874
  -0.5767   0.7952   0.1874
  -0.6736   0.7149   0.1874
  -0.7595   0.6229   0.1874
  -0.8329   0.5207   0.1874
  -0.8927   0.4099   0.1874
  -0.9378   0.2924   0.1874
  -0.9675   0.1700   0.1874
  -0.9813   0.0449   0.1874
  -0.9789  -0.0809   0.1874
  -0.9606  -0.2054   0.1874
  -0.9264  -0.3266   0.1874
  -0.8770  -0.4424   0.1874
  -0.8133  -0.5509   0.1874
  -0.7361  -0.6504   0.1874
  -0.6469  -0.7392   0.1874
  -0.5471  -0.8158   0.1874
  -0.4383  -0.8791   0.1874
  -0.3223  -0.9279   0.1874
  -0.2010  -0.9615   0.1874
  -0.0764  -0.9793   0.1874
   0.0495  -0.9810   0.1874
   0.1745  -0.9667   0.1874
   0.2967  -0.9364   0.1874
   0.4140  -0.8908   0.1874
   0.5245  -0.8305   0.1874
   0.6264  -0.7566   0.1874
   0.7180  -0.6703   0.1874
   0.7979  -0.5730   0.1874
   0.8646  -0.4662   0.1874
   0.9171  -0.3518   0.1874
   0.9546  -0.2317   0.1874
   0.9764  -0.1077   0.1874
   0.9821   0.0180   0.1874
   0.9718   0.1435   0.1874
   0.9454   0.2666   0.1874
   0.9036   0.3853   0.1874
   0.8469   0.4976   0.1874
   0.7507   0.6577   0.0628
   0.6604   0.7483   0.0628
   0.5593   0.8266   0.0628
   0.4490   0.8913   0.0628
   0.3314   0.9414   0.0628
   0.2082   0.9761   0.0628
   0.0817   0.9947   0.0628
  -0.0461   0.9970   0.0628
  -0.1733   0.9829   0.0628
  -0.2975   0.9526   0.0628
  -0.4169   0.9068   0.0628
  -0.5294   0.8460   0.0628
  -0.6333   0.7714   0.0628
  -0.7267   0.6841   0.0628
  -0.8082   0.5855   0.0628
  -0.8765   0.4774   0.0628
  -0.9303   0.3614   0.0628
  -0.9689   0.2394   0.0628
  -0.9915   0.1136   0.0628
  -0.9979  -0.0142   0.0628
  -0.9879  -0.1417   0.0628
  -0.9617  -0.2668   0.0628
  -0.9197  -0.3876   0.0628
  -0.8626  -0.5020   0.0628
  -0.7913  -0.6082   0.0628
  -0.7070  -0.7044   0.0628
  -0.6111  -0.7890   0.0628
  -0.5052  -0.8607   0.0628
  -0.3910  -0.9183   0.0628
  -0.2704  -0.9607   0.0628
  -0.1453  -0.9874   0.0628
  -0.0178  -0.9979   0.0628
   0.1099  -0.9920   0.0628
   0.2359  -0.9698   0.0628
   0.3579  -0.9316   0.0628
   0.4741  -0.8782   0.0628
   0.5825  -0.8104   0.0628
   0.6814  -0.7292   0.0628
   0.7690  -0.6361   0.0628
   0.8441  -0.5325   0.0628
   0.9052  -0.4202   0.0628
   0.9516  -0.3010   0.0628
   0.9822  -0.1769   0.0628
   0.9968  -0.0498   0.0628
   0.9950   0.0781   0.0628
   0.9768   0.2047   0.0628
   0.9426   0.3279   0.0628
   0.8930   0.4457   0.0628
   0.8286   0.5563   0.0628
   0.7099   0.7015  -0.0628
   0.6144   0.7865  -0.0628
   0.5088   0.8586  -0.0628
   0.3948   0.9166  -0.0628
   0.2744   0.9596  -0.0628
   0.1494   0.9868  -0.0628
   0.0220   0.9978  -0.0628
  -0.1058   0.9924  -0.0628
  -0.2318   0.9707  -0.0628
  -0.3541   0.9331  -0.0628
  -0.4705   0.8802  -0.0628
  -0.5792   0.8128  -0.0628
  -0.6784   0.7320  -0.0628
  -0.7664   0.6393  -0.0628
  -0.8419   0.5360  -0.0628
  -0.9035   0.4240  -0.0628
  -0.9503   0.3050  -0.0628
  -0.9815   0.1809  -0.0628
  -0.9966   0.0539  -0.0628
  -0.9953  -0.0739  -0.0628
  -0.9777  -0.2006  -0.0628
  -0.9440  -0.3240  -0.0628
  -0.8948  -0.4420  -0.0628
  -0.8309  -0.5528  -0.0628
  -0.7534  -0.6545  -0.0628
  -0.6635  -0.7455  -0.0628
  -0.5627  -0.8242  -0.0628
  -0.4527  -0.8894  -0.0628
  -0.3353  -0.9400  -0.0628
  -0.2123  -0.9752  -0.0628
  -0.0859  -0.9943  -0.0628
   0.0420  -0.9971  -0.0628
   0.1692  -0.9836  -0.0628
   0.2936  -0.9539  -0.0628
   0.4131  -0.9085  -0.0628
   0.5259  -0.8482  -0.0628
   0.6301  -0.7740  -0.0628
   0.7239  -0.6871  -0.0628
   0.8058  -0.5889  -0.0628
   0.8745  -0.4810  -0.0628
   0.9288  -0.3652  -0.0628
   0.9679  -0.2435  -0.0628
   0.9911  -0.1177  -0.0628
   0.9980   0.0100  -0.0628
   0.9885   0.1375  -0.0628
   0.9628   0.2628  -0.0628
   0.9213   0.3838  -0.0628
   0.8646   0.4984  -0.0628
   0.7938   0.6049  -0.0628
   0.6561   0.7310  -0.1874
   0.5572   0.8089  -0.1874
   0.4492   0.8735  -0.1874
   0.3338   0.9238  -0.1874
   0.2130   0.9589  -0.1874
   0.0886   0.9783  -0.1874
  -0.0373   0.9816  -0.1874
  -0.1625   0.9688  -0.1874
  -0.2850   0.9400  -0.1874
  -0.4029   0.8959  -0.1874
  -0.5141   0.8370  -0.1874
  -0.6169   0.7644  -0.1874
  -0.7096   0.6792  -0.1874
  -0.7907   0.5829  -0.1874
  -0.8587   0.4770  -0.1874
  -0.9126   0.3633  -0.1874
  -0.9516   0.2436  -0.1874
  -0.9749   0.1199  -0.1874
  -0.9823  -0.0058  -0.1874
  -0.9735  -0.1313  -0.1874
  -0.9487  -0.2547  -0.1874
  -0.9083  -0.3740  -0.1874
  -0.8530  -0.4870  -0.1874
  -0.7838  -0.5921  -0.1874
  -0.7016  -0.6875  -0.1874
  -0.6079  -0.7716  -0.1874
  -0.5043  -0.8430  -0.1874
  -0.3923  -0.9005  -0.1874
  -0.2740  -0.9433  -0.1874
  -0.1511  -0.9706  -0.1874
  -0.0257  -0.9820  -0.1874
   0.1001  -0.9772  -0.1874
   0.2242  -0.9564  -0.1874
   0.3447  -0.9198  -0.1874
   0.4595  -0.8682  -0.1874
   0.5667  -0.8023  -0.1874
   0.6647  -0.7233  -0.1874
   0.7517  -0.6323  -0.1874
   0.8264  -0.5310  -0.1874
   0.8875  -0.4210  -0.1874
   0.9340  -0.3040  -0.1874
   0.9653  -0.1821  -0.1874
   0.9806  -0.0572  -0.1874
   0.9799   0.0687  -0.1874
   0.9631   0.1934  -0.1874
   0.9304   0.3150  -0.1874
   0.8825   0.4314  -0.1874
   0.8201   0.5407  -0.1874
   0.7442   0.6411  -0.1874
   0.5917   0.7446  -0.3090
   0.4872   0.8168  -0.3090
   0.3740   0.8744  -0.3090
   0.2541   0.9165  -0.3090
   0.1296   0.9422  -0.3090
   0.0029   0.9511  -0.3090
  -0.1239   0.9430  -0.3090
  -0.2485   0.9180  -0.3090
  -0.3686   0.8767  -0.3090
  -0.4822   0.8198  -0.3090
  -0.5871   0.7482  -0.3090
  -0.6816   0.6633  -0.3090
  -0.7639   0.5665  -0.3090
  -0.8326   0.4596  -0.3090
  -0.8865   0.3445  -0.3090
  -0.9245   0.2233  -0.3090
  -0.9460   0.0981  -0.3090
  -0.9506  -0.0289  -0.3090
  -0.9383  -0.1553  -0.3090
  -0.9092  -0.2790  -0.3090
  -0.8639  -0.3977  -0.3090
  -0.8032  -0.5093  -0.3090
  -0.7282  -0.6118  -0.3090
  -0.6401  -0.7034  -0.3090
  -0.5406  -0.7824  -0.3090
  -0.4315  -0.8475  -0.3090
  -0.3147  -0.8975  -0.3090
  -0.1923  -0.9314  -0.3090
  -0.0664  -0.9487  -0.3090
   0.0606  -0.9491  -0.3090
   0.1866  -0.9326  -0.3090
   0.3092  -0.8994  -0.3090
   0.4263  -0.8501  -0.3090
   0.5358  -0.7857  -0.3090
   0.6358  -0.7073  -0.3090
   0.7244  -0.6162  -0.3090
   0.8001  -0.5142  -0.3090
   0.8615  -0.4030  -0.3090
   0.9075  -0.2846  -0.3090
   0.9373  -0.1611  -0.3090
   0.9504  -0.0347  -0.3090
   0.9466   0.0923  -0.3090
   0.9258   0.2176  -0.3090
   0.8885   0.3391  -0.3090
   0.8354   0.4545  -0.3090
   0.7674   0.5618  -0.3090
   0.6857   0.6591  -0.3090
   0.5195   0.7408  -0.4258
   0.4113   0.8059  -0.4258
   0.2952   0.8553  -0.4258
   0.1732   0.8881  -0.4258
   0.0480   0.9036  -0.4258
  -0.0783   0.9014  -0.4258
  -0.2030   0.8818  -0.4258
  -0.3237   0.8449  -0.4258
  -0.4381   0.7917  -0.4258
  -0.5441   0.7230  -0.4258
  -0.6394   0.6402  -0.4258
  -0.7223   0.5450  -0.4258
  -0.7911   0.4392  -0.4258
  -0.8445   0.3248  -0.4258
  -0.8815   0.2041  -0.4258
  -0.9013   0.0795  -0.4258
  -0.9036  -0.0468  -0.4258
  -0.8883  -0.1721  -0.4258
  -0.8557  -0.2940  -0.4258
  -0.8065  -0.4102  -0.4258
  -0.7415  -0.5185  -0.4258
  -0.6622  -0.6167  -0.4258
  -0.5699  -0.7028  -0.4258
  -0.4665  -0.7753  -0.4258
  -0.3541  -0.8327  -0.4258
  -0.2348  -0.8738  -0.4258
  -0.1109  -0.8980  -0.4258
   0.0152  -0.9047  -0.4258
   0.1410  -0.8938  -0.4258
   0.2640  -0.8655  -0.4258
   0.3819  -0.8203  -0.4258
   0.4923  -0.7592  -0.4258
   0.5932  -0.6833  -0.4258
   0.6825  -0.5941  -0.4258
   0.7585  -0.4933  -0.4258
   0.8198  -0.3829  -0.4258
   0.8651  -0.2651  -0.4258
   0.8936  -0.1421  -0.4258
   0.9047  -0.0164  -0.4258
   0.8982   0.1097  -0.4258
   0.8742   0.2336  -0.4258
   0.8331   0.3530  -0.4258
   0.7759   0.4655  -0.4258
   0.7036   0.5690  -0.4258
   0.6175   0.6613  -0.4258
   0.4425   0.7191  -0.5358
   0.3303   0.7770  -0.5358
   0.2108   0.8176  -0.5358
   0.0866   0.8399  -0.5358
  -0.0395   0.8434  -0.5358
  -0.1648   0.8281  -0.5358
  -0.2864   0.7943  -0.5358
  -0.4015   0.7427  -0.5358
  -0.5078   0.6746  -0.5358
  -0.6026   0.5914  -0.5358
  -0.6840   0.4950  -0.5358
  -0.7502   0.3875  -0.5358
  -0.7995   0.2713  -0.5358
  -0.8311   0.1491  -0.5358
  -0.8440   0.0236  -0.5358
  -0.8381  -0.1024  -0.5358
  -0.8135  -0.2262  -0.5358
  -0.7707  -0.3449  -0.5358
  -0.7106  -0.4559  -0.5358
  -0.6348  -0.5567  -0.5358
  -0.5447  -0.6451  -0.5358
  -0.4425  -0.7191  -0.5358
  -0.3303  -0.7770  -0.5358
  -0.2108  -0.8176  -0.5358
  -0.0866  -0.8399  -0.5358
   0.0395  -0.8434  -0.5358
   0.1648  -0.8281  -0.5358
   0.2864  -0.7943  -0.5358
   0.4015  -0.7427  -0.5358
   0.5078  -0.6746  -0.5358
   0.6026  -0.5914  -0.5358
   0.6840  -0.4950  -0.5358
   0.7502  -0.3875  -0.5358
   0.7995  -0.2713  -0.5358
   0.8311  -0.1491  -0.5358
   0.8440  -0.0236  -0.5358
   0.8381   0.1024  -0.5358
   0.8135   0.2262  -0.5358
   0.7707   0.3449  -0.5358
   0.7106   0.4559  -0.5358
   0.6348   0.5568  -0.5358
   0.5447   0.6451  -0.5358
   0.3637   0.6793  -0.6374
   0.2470   0.7299  -0.6374
   0.1235   0.7606  -0.6374
  -0.0034   0.7705  -0.6374
  -0.1302   0.7594  -0.6374
  -0.2534   0.7277  -0.6374
  -0.3697   0.6760  -0.6374
  -0.4759   0.6059  -0.6374
  -0.5692   0.5193  -0.6374
  -0.6469   0.4186  -0.6374
  -0.7070   0.3064  -0.6374
  -0.7478   0.1858  -0.6374
  -0.7682   0.0602  -0.6374
  -0.7676  -0.0670  -0.6374
  -0.7461  -0.1924  -0.6374
  -0.7042  -0.3126  -0.6374
  -0.6432  -0.4243  -0.6374
  -0.5646  -0.5244  -0.6374
  -0.4706  -0.6101  -0.6374
  -0.3637  -0.6793  -0.6374
  -0.2470  -0.7299  -0.6374
  -0.1235  -0.7606  -0.6374
   0.0034  -0.7705  -0.6374
   0.1302  -0.7594  -0.6374
   0.2534  -0.7277  -0.6374
   0.3697  -0.6760  -0.6374
   0.4759  -0.6059  -0.6374
   0.5692  -0.5193  -0.6374
   0.6469  -0.4186  -0.6374
   0.7070  -0.3064  -0.6374
   0.7478  -0.1858  -0.6374
   0.7682  -0.0602  -0.6374
   0.7676   0.0670  -0.6374
   0.7461   0.1924  -0.6374
   0.7042   0.3126  -0.6374
   0.6432   0.4243  -0.6374
   0.5646   0.5244  -0.6374
   0.4706   0.6101  -0.6374
   0.2864   0.6218  -0.7290
   0.1673   0.6638  -0.7290
   0.0425   0.6832  -0.7290
  -0.0838   0.6794  -0.7290
  -0.2072   0.6524  -0.7290
  -0.3236   0.6032  -0.7290
  -0.4289   0.5335  -0.7290
  -0.5196   0.4456  -0.7290
  -0.5927   0.3426  -0.7290
  -0.6455   0.2278  -0.7290
  -0.6764   0.1053  -0.7290
  -0.6842  -0.0208  -0.7290
  -0.6688  -0.1461  -0.7290
  -0.6305  -0.2665  -0.7290
  -0.5708  -0.3779  -0.7290
  -0.4917  -0.4763  -0.7290
  -0.3958  -0.5585  -0.7290
  -0.2864  -0.6218  -0.7290
  -0.1673  -0.6638  -0.7290
  -0.0425  -0.6832  -0.7290
   0.0838  -0.6794  -0.7290
   0.2072  -0.6524  -0.7290
   0.3236  -0.6032  -0.7290
   0.4289  -0.5335  -0.7290
   0.5196  -0.4456  -0.7290
   0.5927  -0.3426  -0.7290
   0.6455  -0.2278  -0.7290
   0.6764  -0.1053  -0.7290
   0.6842   0.0208  -0.7290
   0.6688   0.1461  -0.7290
   0.6305   0.2665  -0.7290
   0.5708   0.3779  -0.7290
   0.4917   0.4763  -0.7290
   0.3958   0.5585  -0.7290
   0.2135   0.5476  -0.8090
   0.0908   0.5807  -0.8090
  -0.0362   0.5867  -0.8090
  -0.1615   0.5652  -0.8090
  -0.2792   0.5173  -0.8090
  -0.3838   0.4451  -0.8090
  -0.4706   0.3522  -0.8090
  -0.5353   0.2428  -0.8090
  -0.5750   0.1221  -0.8090
  -0.5878  -0.0044  -0.8090
  -0.5731  -0.1306  -0.8090
  -0.5316  -0.2508  -0.8090
  -0.4653  -0.3592  -0.8090
  -0.3772  -0.4508  -0.8090
  -0.2715  -0.5214  -0.8090
  -0.1530  -0.5675  -0.8090
  -0.0275  -0.5871  -0.8090
   0.0994  -0.5793  -0.8090
   0.2216  -0.5444  -0.8090
   0.3335  -0.4840  -0.8090
   0.4297  -0.4010  -0.8090
   0.5059  -0.2993  -0.8090
   0.5584  -0.1835  -0.8090
   0.5848  -0.0592  -0.8090
   0.5839   0.0679  -0.8090
   0.5556   0.1918  -0.8090
   0.5014   0.3068  -0.8090
   0.4237   0.4074  -0.8090
   0.3262   0.4889  -0.8090
   0.1478   0.4585  -0.8763
   0.0241   0.4812  -0.8763
  -0.1013   0.4710  -0.8763
  -0.2197   0.4287  -0.8763
  -0.3232   0.3572  -0.8763
  -0.4047   0.2614  -0.8763
  -0.4585   0.1478  -0.8763
  -0.4812   0.0241  -0.8763
  -0.4710  -0.1013  -0.8763
  -0.4287  -0.2197  -0.8763
  -0.3572  -0.3232  -0.8763
  -0.2614  -0.4047  -0.8763
  -0.1478  -0.4585  -0.8763
  -0.0241  -0.4812  -0.8763
   0.1013  -0.4710  -0.8763
   0.2197  -0.4287  -0.8763
   0.3232  -0.3572  -0.8763
   0.4047  -0.2614  -0.8763
   0.4585  -0.1478  -0.8763
   0.4812  -0.0241  -0.8763
   0.4710   0.1013  -0.8763
   0.4287   0.2197  -0.8763
   0.3572   0.3232  -0.8763
   0.2614   0.4047  -0.8763
   0.0917   0.3565  -0.9298
  -0.0357   0.3664  -0.9298
  -0.1589   0.3321  -0.9298
  -0.2629   0.2577  -0.9298
  -0.3352   0.1522  -0.9298
  -0.3670   0.0284  -0.9298
  -0.3546  -0.0988  -0.9298
  -0.2994  -0.2142  -0.9298
  -0.2081  -0.3036  -0.9298
  -0.0917  -0.3565  -0.9298
   0.0357  -0.3664  -0.9298
   0.1589  -0.3321  -0.9298
   0.2629  -0.2577  -0.9298
   0.3352  -0.1522  -0.9298
   0.3670  -0.0284  -0.9298
   0.3546   0.0988  -0.9298
   0.2994   0.2142  -0.9298
   0.2081   0.3036  -0.9298
   0.0474   0.2441  -0.9686
  -0.0810   0.2351  -0.9686
  -0.1877   0.1631  -0.9686
  -0.2441   0.0474  -0.9686
  -0.2351  -0.0810  -0.9686
  -0.1631  -0.1877  -0.9686
  -0.0474  -0.2441  -0.9686
   0.0810  -0.2351  -0.9686
   0.1877  -0.1631  -0.9686
   0.2441  -0.0474  -0.9686
   0.2351   0.0810  -0.9686
   0.1631   0.1877  -0.9686
   0.0165   0.1242  -0.9921
  -0.0994   0.0764  -0.9921
  -0.1158  -0.0478  -0.9921
  -0.0165  -0.1242  -0.9921
   0.0994  -0.0764  -0.9921
   0.1158   0.0478  -0.9921
