  0.    90.0000  1
  0.   -90.0000  2
    5.05890    79.4202  3
    65.0528    79.4202  4
    125.048    79.4202  5
   -174.941    79.4202  6
   -114.947    79.4202  7
   -54.9518    79.4202  8
   10.10906    68.8279  9
    40.1041    68.8279  10
    70.1104    68.8279  11
   100.1091    68.8279  12
    130.104    68.8279  13
    160.110    68.8279  14
   -169.891    68.8279  15
   -139.896    68.8279  16
   -109.890    68.8279  17
   -79.8909    68.8279  18
   -49.8959    68.8279  19
   -19.8896    68.8279  20
    15.1530    58.2334  21
    36.3322    58.2334  22
    57.5054    58.2334  23
    78.6837    58.2334  24
    99.8649    58.2334  25
    121.033    58.2334  26
    142.207    58.2334  27
    163.389    58.2334  28
   -175.435    58.2334  29
   -154.262    58.2334  30
   -133.083    58.2334  31
   -111.907    58.2334  32
   -90.7292    58.2334  33
   -69.5548    58.2334  34
   -48.3728    58.2334  35
   -27.1979    58.2334  36
   -6.01926    58.2334  37
    20.2076    47.6463  38
    36.5688    47.6463  39
    52.9328    47.6463  40
    69.2947    47.6463  41
    85.6587    47.6463  42
   102.0288    47.6463  43
    118.387    47.6463  44
    134.753    47.6463  45
    151.118    47.6463  46
    167.476    47.6463  47
   -176.153    47.6463  48
   -159.792    47.6463  49
   -143.431    47.6463  50
   -127.067    47.6463  51
   -110.705    47.6463  52
   -94.3413    47.6463  53
   -77.9712    47.6463  54
   -61.6128    47.6463  55
   -45.2466    47.6463  56
   -28.8820    47.6463  57
   -12.5242    47.6463  58
    3.84689    47.6463  59
    25.2581    37.0563  60
    38.5948    37.0563  61
    51.9267    37.0563  62
    65.2590    37.0563  63
    78.5943    37.0563  64
    91.9245    37.0563  65
    105.257    37.0563  66
    118.592    37.0563  67
    131.927    37.0563  68
    145.259    37.0563  69
    158.592    37.0563  70
    171.925    37.0563  71
   -174.744    37.0563  72
   -161.411    37.0563  73
   -148.075    37.0563  74
   -134.741    37.0563  75
   -121.409    37.0563  76
   -108.076    37.0563  77
   -94.7440    37.0563  78
   -81.4100    37.0563  79
   -68.0733    37.0563  80
   -54.7386    37.0563  81
   -41.4081    37.0563  82
   -28.0776    37.0563  83
   -14.7450    37.0563  84
   -1.40733    37.0563  85
    11.9253    37.0563  86
    30.3117    26.4681  87
    42.3107    26.4681  88
    54.3105    26.4681  89
    66.3072    26.4681  90
    78.3085    26.4681  91
    90.3072    26.4681  92
   102.3067    26.4681  93
    114.309    26.4681  94
    126.313    26.4681  95
    138.310    26.4681  96
    150.308    26.4681  97
    162.310    26.4681  98
    174.307    26.4681  99
   -173.689    26.4681  100
   -161.691    26.4681  101
   -149.688    26.4681  102
   -137.689    26.4681  103
   -125.689    26.4681  104
   -113.693    26.4681  105
  -101.6915    26.4681  106
   -89.6928    26.4681  107
   -77.6934    26.4681  108
   -65.6911    26.4681  109
   -53.6870    26.4681  110
   -41.6899    26.4681  111
   -29.6925    26.4681  112
   -17.6900    26.4681  113
   -5.69276    26.4681  114
    6.31121    26.4681  115
    18.3095    26.4681  116
    35.3590    15.8846  117
    46.6135    15.8846  118
    57.8582    15.8846  119
    69.1135    15.8846  120
    80.3633    15.8846  121
    91.6087    15.8846  122
   102.8616    15.8846  123
    114.111    15.8846  124
    125.359    15.8846  125
    136.613    15.8846  126
    147.858    15.8846  127
    159.113    15.8846  128
    170.363    15.8846  129
   -178.391    15.8846  130
   -167.138    15.8846  131
   -155.889    15.8846  132
   -144.641    15.8846  133
   -133.387    15.8846  134
   -122.142    15.8846  135
   -110.887    15.8846  136
   -99.6367    15.8846  137
   -88.3913    15.8846  138
   -77.1384    15.8846  139
   -65.8893    15.8846  140
   -54.6410    15.8846  141
   -43.3865    15.8846  142
   -32.1418    15.8846  143
   -20.8865    15.8846  144
   -9.63665    15.8846  145
    1.60867    15.8846  146
    12.8616    15.8846  147
    24.1107    15.8846  148
    40.4134    5.29594  149
    51.3195    5.29594  150
    62.2332    5.29594  151
    73.1393    5.29594  152
    84.0512    5.29594  153
    94.9605    5.29594  154
    105.870    5.29594  155
    116.776    5.29594  156
    127.685    5.29594  157
    138.595    5.29594  158
    149.505    5.29594  159
    160.413    5.29594  160
    171.324    5.29594  161
   -177.767    5.29594  162
   -166.858    5.29594  163
   -155.950    5.29594  164
   -145.044    5.29594  165
   -134.129    5.29594  166
   -123.224    5.29594  167
   -112.315    5.29594  168
  -101.4047    5.29594  169
   -90.4949    5.29594  170
   -79.5850    5.29594  171
   -68.6762    5.29594  172
   -57.7671    5.29594  173
   -46.8597    5.29594  174
   -35.9504    5.29594  175
   -25.0440    5.29594  176
   -14.1311    5.29594  177
   -3.22388    5.29594  178
    7.68742    5.29594  179
    18.5933    5.29594  180
    29.5051    5.29594  181
    45.4638   -5.29594  182
    56.3738   -5.29594  183
    67.2850   -5.29594  184
    78.1902   -5.29594  185
    89.1023   -5.29594  186
   100.0110   -5.29594  187
    110.918   -5.29594  188
    121.827   -5.29594  189
    132.737   -5.29594  190
    143.647   -5.29594  191
    154.557   -5.29594  192
    165.466   -5.29594  193
    176.372   -5.29594  194
   -172.719   -5.29594  195
   -161.807   -5.29594  196
   -150.897   -5.29594  197
   -139.990   -5.29594  198
   -129.081   -5.29594  199
   -118.171   -5.29594  200
   -107.263   -5.29594  201
   -96.3542   -5.29594  202
   -85.4437   -5.29594  203
   -74.5359   -5.29594  204
   -63.6280   -5.29594  205
   -52.7170   -5.29594  206
   -41.8084   -5.29594  207
   -30.8976   -5.29594  208
   -19.9910   -5.29594  209
   -9.08300   -5.29594  210
    1.83017   -5.29594  211
    12.7354   -5.29594  212
    23.6482   -5.29594  213
    34.5550   -5.29594  214
    50.5140   -15.8846  215
    61.7670   -15.8846  216
    73.0195   -15.8846  217
    84.2657   -15.8846  218
    95.5185   -15.8846  219
    106.769   -15.8846  220
    118.017   -15.8846  221
    129.266   -15.8846  222
    140.514   -15.8846  223
    151.767   -15.8846  224
    163.019   -15.8846  225
    174.266   -15.8846  226
   -174.481   -15.8846  227
   -163.231   -15.8846  228
   -151.983   -15.8846  229
   -140.734   -15.8846  230
   -129.486   -15.8846  231
   -118.233   -15.8846  232
   -106.981   -15.8846  233
   -95.7343   -15.8846  234
   -84.4815   -15.8846  235
   -73.2306   -15.8846  236
   -61.9829   -15.8846  237
   -50.7336   -15.8846  238
   -39.4860   -15.8846  239
   -28.2330   -15.8846  240
   -16.9805   -15.8846  241
   -5.73430   -15.8846  242
    5.51855   -15.8846  243
    16.7694   -15.8846  244
    28.0171   -15.8846  245
    39.2664   -15.8846  246
    55.5696   -26.4681  247
    67.5663   -26.4681  248
    79.5675   -26.4681  249
    91.5684   -26.4681  250
   103.5674   -26.4681  251
    115.566   -26.4681  252
    127.570   -26.4681  253
    139.567   -26.4681  254
    151.568   -26.4681  255
    163.569   -26.4681  256
    175.566   -26.4681  257
   -172.432   -26.4681  258
   -160.434   -26.4681  259
   -148.434   -26.4681  260
   -136.430   -26.4681  261
   -124.430   -26.4681  262
   -112.434   -26.4681  263
  -100.4325   -26.4681  264
   -88.4316   -26.4681  265
   -76.4326   -26.4681  266
   -64.4340   -26.4681  267
   -52.4298   -26.4681  268
   -40.4333   -26.4681  269
   -28.4317   -26.4681  270
   -16.4307   -26.4681  271
   -4.43356   -26.4681  272
    7.56800   -26.4681  273
    19.5664   -26.4681  274
    31.5664   -26.4681  275
    43.5697   -26.4681  276
    60.6211   -37.0563  277
    73.9520   -37.0563  278
    87.2850   -37.0563  279
   100.6227   -37.0563  280
    113.954   -37.0563  281
    127.285   -37.0563  282
    140.619   -37.0563  283
    153.955   -37.0563  284
    167.289   -37.0563  285
   -179.383   -37.0563  286
   -166.049   -37.0563  287
   -152.716   -37.0563  288
   -139.381   -37.0563  289
   -126.048   -37.0563  290
   -112.712   -37.0563  291
   -99.3832   -37.0563  292
   -86.0479   -37.0563  293
   -72.7162   -37.0563  294
   -59.3761   -37.0563  295
   -46.0459   -37.0563  296
   -32.7162   -37.0563  297
   -19.3795   -37.0563  298
   -6.04922   -37.0563  299
    7.28531   -37.0563  300
    20.6174   -37.0563  301
    33.9509   -37.0563  302
    47.2853   -37.0563  303
    65.6757   -47.6463  304
    82.0311   -47.6463  305
    98.3983   -47.6463  306
    114.762   -47.6463  307
    131.124   -47.6463  308
    147.487   -47.6463  309
    163.849   -47.6463  310
   -179.787   -47.6463  311
   -163.424   -47.6463  312
   -147.055   -47.6463  313
   -130.690   -47.6463  314
   -114.324   -47.6463  315
   -97.9689   -47.6463  316
   -81.6017   -47.6463  317
   -65.2379   -47.6463  318
   -48.8757   -47.6463  319
   -32.5129   -47.6463  320
   -16.1510   -47.6463  321
   0.212615   -47.6463  322
    16.5762   -47.6463  323
    32.9447   -47.6463  324
    49.3101   -47.6463  325
    70.7218   -58.2334  326
    91.8943   -58.2334  327
    113.073   -58.2334  328
    134.254   -58.2334  329
    155.431   -58.2334  330
    176.602   -58.2334  331
   -162.216   -58.2334  332
   -141.044   -58.2334  333
   -119.862   -58.2334  334
   -98.6858   -58.2334  335
   -77.5161   -58.2334  336
   -56.3401   -58.2334  337
   -35.1543   -58.2334  338
   -13.9834   -58.2334  339
    7.19116   -58.2334  340
    28.3664   -58.2334  341
    49.5451   -58.2334  342
    75.7714   -68.8279  343
    105.775   -68.8279  344
    135.774   -68.8279  345
    165.771   -68.8279  346
   -164.225   -68.8279  347
   -134.226   -68.8279  348
  -104.2286   -68.8279  349
   -74.2246   -68.8279  350
   -44.2262   -68.8279  351
   -14.2286   -68.8279  352
    15.7754   -68.8279  353
    45.7738   -68.8279  354
    80.8247   -79.4202  355
    140.809   -79.4202  356
   -159.177   -79.4202  357
   -99.1753   -79.4202  358
   -39.1907   -79.4202  359
    20.8225   -79.4202  360
