  0.    90.0000  1
  0.   -90.0000  2
    3.43089    82.7933  3
    63.4145    82.7933  4
    123.449    82.7933  5
   -176.569    82.7933  6
   -116.585    82.7933  7
   -56.5508    82.7933  8
    6.85924    75.6039  9
    36.8607    75.6039  10
    66.8680    75.6039  11
    96.8592    75.6039  12
    126.861    75.6039  13
    156.868    75.6039  14
   -173.141    75.6039  15
   -143.139    75.6039  16
   -113.132    75.6039  17
   -83.1408    75.6039  18
   -53.1393    75.6039  19
   -23.1320    75.6039  20
   10.31181    68.4037  21
    30.3125    68.4037  22
    50.3120    68.4037  23
    70.3001    68.4037  24
    90.3113    68.4037  25
    110.301    68.4037  26
    130.306    68.4037  27
    150.301    68.4037  28
    170.305    68.4037  29
   -169.688    68.4037  30
   -149.688    68.4037  31
   -129.688    68.4037  32
   -109.700    68.4037  33
   -89.6887    68.4037  34
   -69.6990    68.4037  35
   -49.6942    68.4037  36
   -29.6986    68.4037  37
   -9.69515    68.4037  38
    13.7363    61.1992  39
    28.7358    61.1992  40
    43.7386    61.1992  41
    58.7384    61.1992  42
    73.7393    61.1992  43
    88.7391    61.1992  44
   103.7363    61.1992  45
    118.736    61.1992  46
    133.739    61.1992  47
    148.738    61.1992  48
    163.739    61.1992  49
    178.739    61.1992  50
   -166.264    61.1992  51
   -151.264    61.1992  52
   -136.261    61.1992  53
   -121.262    61.1992  54
   -106.261    61.1992  55
   -91.2609    61.1992  56
   -76.2637    61.1992  57
   -61.2642    61.1992  58
   -46.2614    61.1992  59
   -31.2616    61.1992  60
   -16.2607    61.1992  61
   -1.26087    61.1992  62
    17.1773    53.9983  63
    29.5877    53.9983  64
    42.0003    53.9983  65
    54.4170    53.9983  66
    66.8283    53.9983  67
    79.2444    53.9983  68
    91.6575    53.9983  69
   104.0717    53.9983  70
    116.482    53.9983  71
    128.902    53.9983  72
    141.313    53.9983  73
    153.727    53.9983  74
    166.141    53.9983  75
    178.557    53.9983  76
   -169.034    53.9983  77
   -156.615    53.9983  78
   -144.206    53.9983  79
   -131.793    53.9983  80
   -119.374    53.9983  81
   -106.964    53.9983  82
   -94.5475    53.9983  83
   -82.1387    53.9983  84
   -69.7246    53.9983  85
   -57.3075    53.9983  86
   -44.8966    53.9983  87
   -32.4787    53.9983  88
   -20.0689    53.9983  89
   -7.65454    53.9983  90
    4.76202    53.9983  91
    20.6138    46.8026  92
    31.2006    46.8026  93
    41.7906    46.8026  94
    52.3768    46.8026  95
    62.9596    46.8026  96
    73.5533    46.8026  97
    84.1395    46.8026  98
    94.7261    46.8026  99
    105.315    46.8026  100
    115.906    46.8026  101
    126.493    46.8026  102
    137.084    46.8026  103
    147.668    46.8026  104
    158.255    46.8026  105
    168.848    46.8026  106
    179.431    46.8026  107
   -169.980    46.8026  108
   -159.386    46.8026  109
   -148.799    46.8026  110
   -138.209    46.8026  111
   -127.623    46.8026  112
   -117.040    46.8026  113
   -106.447    46.8026  114
   -95.8605    46.8026  115
   -85.2739    46.8026  116
   -74.6847    46.8026  117
   -64.0937    46.8026  118
   -53.5068    46.8026  119
   -42.9161    46.8026  120
   -32.3319    46.8026  121
   -21.7455    46.8026  122
   -11.1523    46.8026  123
  -0.569172    46.8026  124
   10.01962    46.8026  125
    24.0501    39.5982  126
    33.5189    39.5982  127
    42.9910    39.5982  128
    52.4668    39.5982  129
    61.9415    39.5982  130
    71.4122    39.5982  131
    80.8898    39.5982  132
    90.3644    39.5982  133
    99.8340    39.5982  134
    109.310    39.5982  135
    118.784    39.5982  136
    128.259    39.5982  137
    137.730    39.5982  138
    147.201    39.5982  139
    156.675    39.5982  140
    166.153    39.5982  141
    175.624    39.5982  142
   -174.900    39.5982  143
   -165.424    39.5982  144
   -155.950    39.5982  145
   -146.481    39.5982  146
   -137.009    39.5982  147
   -127.533    39.5982  148
   -118.058    39.5982  149
   -108.588    39.5982  150
   -99.1102    39.5982  151
   -89.6356    39.5982  152
   -80.1660    39.5982  153
   -70.6903    39.5982  154
   -61.2162    39.5982  155
   -51.7409    39.5982  156
   -42.2702    39.5982  157
   -32.7991    39.5982  158
   -23.3245    39.5982  159
   -13.8469    39.5982  160
   -4.37646    39.5982  161
    5.10018    39.5982  162
    14.5755    39.5982  163
    27.4785    32.3982  164
    36.0528    32.3982  165
    44.6257    32.3982  166
    53.1953    32.3982  167
    61.7686    32.3982  168
    70.3375    32.3982  169
    78.9110    32.3982  170
    87.4816    32.3982  171
    96.0509    32.3982  172
   104.6254    32.3982  173
    113.198    32.3982  174
    121.768    32.3982  175
    130.336    32.3982  176
    138.909    32.3982  177
    147.479    32.3982  178
    156.052    32.3982  179
    164.622    32.3982  180
    173.198    32.3982  181
   -178.235    32.3982  182
   -169.663    32.3982  183
   -161.093    32.3982  184
   -152.521    32.3982  185
   -143.947    32.3982  186
   -135.374    32.3982  187
   -126.805    32.3982  188
   -118.231    32.3982  189
   -109.662    32.3982  190
  -101.0890    32.3982  191
   -92.5184    32.3982  192
   -83.9491    32.3982  193
   -75.3746    32.3982  194
   -66.8023    32.3982  195
   -58.2320    32.3982  196
   -49.6644    32.3982  197
   -41.0908    32.3982  198
   -32.5212    32.3982  199
   -23.9480    32.3982  200
   -15.3777    32.3982  201
   -6.80181    32.3982  202
    1.76469    32.3982  203
   10.33702    32.3982  204
    18.9070    32.3982  205
    30.9160    25.2013  206
    38.9169    25.2013  207
    46.9123    25.2013  208
    54.9136    25.2013  209
    62.9139    25.2013  210
    70.9182    25.2013  211
    78.9186    25.2013  212
    86.9147    25.2013  213
    94.9135    25.2013  214
   102.9196    25.2013  215
    110.915    25.2013  216
    118.916    25.2013  217
    126.918    25.2013  218
    134.919    25.2013  219
    142.915    25.2013  220
    150.916    25.2013  221
    158.917    25.2013  222
    166.918    25.2013  223
    174.915    25.2013  224
   -177.086    25.2013  225
   -169.087    25.2013  226
   -161.086    25.2013  227
   -153.084    25.2013  228
   -145.086    25.2013  229
   -137.087    25.2013  230
   -129.088    25.2013  231
   -121.086    25.2013  232
   -113.086    25.2013  233
  -105.0852    25.2013  234
   -97.0850    25.2013  235
   -89.0818    25.2013  236
   -81.0863    25.2013  237
   -73.0830    25.2013  238
   -65.0833    25.2013  239
   -57.0844    25.2013  240
   -49.0869    25.2013  241
   -41.0835    25.2013  242
   -33.0841    25.2013  243
   -25.0838    25.2013  244
   -17.0832    25.2013  245
   -9.08653    25.2013  246
   -1.08284    25.2013  247
    6.91923    25.2013  248
    14.9163    25.2013  249
    22.9151    25.2013  250
    34.3484    17.9990  251
    42.0083    17.9990  252
    49.6699    17.9990  253
    57.3292    17.9990  254
    64.9897    17.9990  255
    72.6510    17.9990  256
    80.3089    17.9990  257
    87.9694    17.9990  258
    95.6297    17.9990  259
   103.2881    17.9990  260
    110.947    17.9990  261
    118.608    17.9990  262
    126.267    17.9990  263
    133.926    17.9990  264
    141.588    17.9990  265
    149.247    17.9990  266
    156.902    17.9990  267
    164.567    17.9990  268
    172.223    17.9990  269
    179.886    17.9990  270
   -172.460    17.9990  271
   -164.798    17.9990  272
   -157.137    17.9990  273
   -149.479    17.9990  274
   -141.819    17.9990  275
   -134.161    17.9990  276
   -126.500    17.9990  277
   -118.842    17.9990  278
   -111.179    17.9990  279
  -103.5234    17.9990  280
   -95.8599    17.9990  281
   -88.2044    17.9990  282
   -80.5406    17.9990  283
   -72.8835    17.9990  284
   -65.2215    17.9990  285
   -57.5648    17.9990  286
   -49.9052    17.9990  287
   -42.2429    17.9990  288
   -34.5824    17.9990  289
   -26.9261    17.9990  290
   -19.2656    17.9990  291
   -11.6041    17.9990  292
   -3.94912    17.9990  293
    3.71349    17.9990  294
    11.3702    17.9990  295
    19.0293    17.9990  296
    26.6917    17.9990  297
    37.7880    10.8011  298
    45.1320    10.8011  299
    52.4826    10.8011  300
    59.8275    10.8011  301
    67.1729    10.8011  302
    74.5193    10.8011  303
    81.8707    10.8011  304
    89.2125    10.8011  305
    96.5643    10.8011  306
   103.9075    10.8011  307
    111.254    10.8011  308
    118.605    10.8011  309
    125.951    10.8011  310
    133.296    10.8011  311
    140.643    10.8011  312
    147.988    10.8011  313
    155.337    10.8011  314
    162.683    10.8011  315
    170.034    10.8011  316
    177.380    10.8011  317
   -175.276    10.8011  318
   -167.930    10.8011  319
   -160.580    10.8011  320
   -153.231    10.8011  321
   -145.888    10.8011  322
   -138.537    10.8011  323
   -131.190    10.8011  324
   -123.847    10.8011  325
   -116.500    10.8011  326
   -109.154    10.8011  327
  -101.8075    10.8011  328
   -94.4609    10.8011  329
   -87.1114    10.8011  330
   -79.7677    10.8011  331
   -72.4191    10.8011  332
   -65.0733    10.8011  333
   -57.7257    10.8011  334
   -50.3782    10.8011  335
   -43.0322    10.8011  336
   -35.6835    10.8011  337
   -28.3339    10.8011  338
   -20.9868    10.8011  339
   -13.6430    10.8011  340
   -6.29446    10.8011  341
    1.05000    10.8011  342
    8.39983    10.8011  343
    15.7483    10.8011  344
    23.0937    10.8011  345
    30.4366    10.8011  346
    41.2221    3.60055  347
    48.5705    3.60055  348
    55.9167    3.60055  349
    63.2629    3.60055  350
    70.6065    3.60055  351
    77.9594    3.60055  352
    85.3045    3.60055  353
    92.6474    3.60055  354
    99.9993    3.60055  355
    107.344    3.60055  356
    114.691    3.60055  357
    122.037    3.60055  358
    129.385    3.60055  359
    136.730    3.60055  360
    144.079    3.60055  361
    151.424    3.60055  362
    158.770    3.60055  363
    166.121    3.60055  364
    173.464    3.60055  365
   -179.185    3.60055  366
   -171.837    3.60055  367
   -164.495    3.60055  368
   -157.147    3.60055  369
   -149.802    3.60055  370
   -142.454    3.60055  371
   -135.106    3.60055  372
   -127.759    3.60055  373
   -120.411    3.60055  374
   -113.064    3.60055  375
   -105.720    3.60055  376
   -98.3712    3.60055  377
   -91.0219    3.60055  378
   -83.6782    3.60055  379
   -76.3285    3.60055  380
   -68.9843    3.60055  381
   -61.6374    3.60055  382
   -54.2921    3.60055  383
   -46.9408    3.60055  384
   -39.5968    3.60055  385
   -32.2458    3.60055  386
   -24.9010    3.60055  387
   -17.5527    3.60055  388
  -10.20985    3.60055  389
   -2.86011    3.60055  390
    4.48808    3.60055  391
    11.8357    3.60055  392
    19.1811    3.60055  393
    26.5240    3.60055  394
    33.8764    3.60055  395
    44.6590   -3.60055  396
    52.0037   -3.60055  397
    59.3493   -3.60055  398
    66.6974   -3.60055  399
    74.0420   -3.60055  400
    81.3909   -3.60055  401
    88.7369   -3.60055  402
    96.0853   -3.60055  403
   103.4305   -3.60055  404
    110.781   -3.60055  405
    118.126   -3.60055  406
    125.474   -3.60055  407
    132.824   -3.60055  408
    140.166   -3.60055  409
    147.517   -3.60055  410
    154.860   -3.60055  411
    162.206   -3.60055  412
    169.557   -3.60055  413
    176.904   -3.60055  414
   -175.754   -3.60055  415
   -168.405   -3.60055  416
   -161.057   -3.60055  417
   -153.712   -3.60055  418
   -146.364   -3.60055  419
   -139.018   -3.60055  420
   -131.669   -3.60055  421
   -124.322   -3.60055  422
   -116.976   -3.60055  423
   -109.631   -3.60055  424
  -102.2816   -3.60055  425
   -94.9377   -3.60055  426
   -87.5880   -3.60055  427
   -80.2394   -3.60055  428
   -72.8922   -3.60055  429
   -65.5484   -3.60055  430
   -58.2003   -3.60055  431
   -50.8516   -3.60055  432
   -43.5060   -3.60055  433
   -36.1603   -3.60055  434
   -28.8121   -3.60055  435
   -21.4645   -3.60055  436
   -14.1212   -3.60055  437
   -6.77255   -3.60055  438
   0.574087   -3.60055  439
    7.91901   -3.60055  440
    15.2672   -3.60055  441
    22.6159   -3.60055  442
    29.9614   -3.60055  443
    37.3085   -3.60055  444
    48.0908   -10.8011  445
    55.4395   -10.8011  446
    62.7854   -10.8011  447
    70.1335   -10.8011  448
    77.4763   -10.8011  449
    84.8251   -10.8011  450
    92.1761   -10.8011  451
    99.5218   -10.8011  452
    106.867   -10.8011  453
    114.214   -10.8011  454
    121.559   -10.8011  455
    128.905   -10.8011  456
    136.254   -10.8011  457
    143.603   -10.8011  458
    150.948   -10.8011  459
    158.293   -10.8011  460
    165.641   -10.8011  461
    172.989   -10.8011  462
   -179.662   -10.8011  463
   -172.319   -10.8011  464
   -164.972   -10.8011  465
   -157.620   -10.8011  466
   -150.277   -10.8011  467
   -142.932   -10.8011  468
   -135.582   -10.8011  469
   -128.233   -10.8011  470
   -120.889   -10.8011  471
   -113.540   -10.8011  472
   -106.197   -10.8011  473
   -98.8486   -10.8011  474
   -91.4991   -10.8011  475
   -84.1513   -10.8011  476
   -76.8069   -10.8011  477
   -69.4562   -10.8011  478
   -62.1097   -10.8011  479
   -54.7647   -10.8011  480
   -47.4175   -10.8011  481
   -40.0692   -10.8011  482
   -32.7226   -10.8011  483
   -25.3781   -10.8011  484
   -18.0291   -10.8011  485
   -10.6831   -10.8011  486
   -3.33837   -10.8011  487
    4.01040   -10.8011  488
    11.3545   -10.8011  489
    18.7043   -10.8011  490
    26.0512   -10.8011  491
    33.3973   -10.8011  492
    40.7436   -10.8011  493
    51.5274   -17.9990  494
    59.1850   -17.9990  495
    66.8425   -17.9990  496
    74.5039   -17.9990  497
    82.1681   -17.9990  498
    89.8253   -17.9990  499
    97.4852   -17.9990  500
   105.1468   -17.9990  501
    112.804   -17.9990  502
    120.464   -17.9990  503
    128.121   -17.9990  504
    135.780   -17.9990  505
    143.440   -17.9990  506
    151.101   -17.9990  507
    158.764   -17.9990  508
    166.421   -17.9990  509
    174.080   -17.9990  510
   -178.259   -17.9990  511
   -170.602   -17.9990  512
   -162.941   -17.9990  513
   -155.281   -17.9990  514
   -147.622   -17.9990  515
   -139.965   -17.9990  516
   -132.302   -17.9990  517
   -124.643   -17.9990  518
   -116.983   -17.9990  519
   -109.323   -17.9990  520
  -101.6656   -17.9990  521
   -94.0036   -17.9990  522
   -86.3466   -17.9990  523
   -78.6853   -17.9990  524
   -71.0278   -17.9990  525
   -63.3676   -17.9990  526
   -55.7084   -17.9990  527
   -48.0473   -17.9990  528
   -40.3857   -17.9990  529
   -32.7276   -17.9990  530
   -25.0697   -17.9990  531
   -17.4119   -17.9990  532
   -9.75252   -17.9990  533
   -2.09099   -17.9990  534
    5.56913   -17.9990  535
    13.2267   -17.9990  536
    20.8896   -17.9990  537
    28.5484   -17.9990  538
    36.2072   -17.9990  539
    43.8668   -17.9990  540
    54.9592   -25.2013  541
    62.9620   -25.2013  542
    70.9583   -25.2013  543
    78.9645   -25.2013  544
    86.9593   -25.2013  545
    94.9645   -25.2013  546
   102.9642   -25.2013  547
    110.963   -25.2013  548
    118.959   -25.2013  549
    126.964   -25.2013  550
    134.964   -25.2013  551
    142.964   -25.2013  552
    150.962   -25.2013  553
    158.963   -25.2013  554
    166.964   -25.2013  555
    174.959   -25.2013  556
   -177.035   -25.2013  557
   -169.035   -25.2013  558
   -161.038   -25.2013  559
   -153.041   -25.2013  560
   -145.037   -25.2013  561
   -137.038   -25.2013  562
   -129.039   -25.2013  563
   -121.035   -25.2013  564
   -113.037   -25.2013  565
  -105.0407   -25.2013  566
   -97.0402   -25.2013  567
   -89.0375   -25.2013  568
   -81.0353   -25.2013  569
   -73.0369   -25.2013  570
   -65.0351   -25.2013  571
   -57.0388   -25.2013  572
   -49.0374   -25.2013  573
   -41.0388   -25.2013  574
   -33.0385   -25.2013  575
   -25.0356   -25.2013  576
   -17.0371   -25.2013  577
   -9.03550   -25.2013  578
   -1.03852   -25.2013  579
    6.96323   -25.2013  580
    14.9608   -25.2013  581
    22.9633   -25.2013  582
    30.9616   -25.2013  583
    38.9624   -25.2013  584
    46.9617   -25.2013  585
    58.3938   -32.3982  586
    66.9698   -32.3982  587
    75.5424   -32.3982  588
    84.1132   -32.3982  589
    92.6814   -32.3982  590
   101.2554   -32.3982  591
    109.828   -32.3982  592
    118.395   -32.3982  593
    126.970   -32.3982  594
    135.537   -32.3982  595
    144.107   -32.3982  596
    152.682   -32.3982  597
    161.256   -32.3982  598
    169.829   -32.3982  599
    178.398   -32.3982  600
   -173.034   -32.3982  601
   -164.461   -32.3982  602
   -155.891   -32.3982  603
   -147.317   -32.3982  604
   -138.750   -32.3982  605
   -130.177   -32.3982  606
   -121.606   -32.3982  607
   -113.030   -32.3982  608
  -104.4576   -32.3982  609
   -95.8868   -32.3982  610
   -87.3186   -32.3982  611
   -78.7446   -32.3982  612
   -70.1723   -32.3982  613
   -61.6046   -32.3982  614
   -53.0297   -32.3982  615
   -44.4626   -32.3982  616
   -35.8927   -32.3982  617
   -27.3177   -32.3982  618
   -18.7440   -32.3982  619
  -10.17072   -32.3982  620
   -1.60169   -32.3982  621
    6.96594   -32.3982  622
    15.5390   -32.3982  623
    24.1092   -32.3982  624
    32.6830   -32.3982  625
    41.2549   -32.3982  626
    49.8234   -32.3982  627
    61.8352   -39.5982  628
    71.3041   -39.5982  629
    80.7773   -39.5982  630
    90.2528   -39.5982  631
    99.7288   -39.5982  632
    109.199   -39.5982  633
    118.674   -39.5982  634
    128.148   -39.5982  635
    137.625   -39.5982  636
    147.094   -39.5982  637
    156.569   -39.5982  638
    166.047   -39.5982  639
    175.519   -39.5982  640
   -175.012   -39.5982  641
   -165.540   -39.5982  642
   -156.063   -39.5982  643
   -146.588   -39.5982  644
   -137.114   -39.5982  645
   -127.645   -39.5982  646
   -118.165   -39.5982  647
   -108.696   -39.5982  648
   -99.2227   -39.5982  649
   -89.7472   -39.5982  650
   -80.2712   -39.5982  651
   -70.8008   -39.5982  652
   -61.3260   -39.5982  653
   -51.8524   -39.5982  654
   -42.3752   -39.5982  655
   -32.9063   -39.5982  656
   -23.4310   -39.5982  657
   -13.9533   -39.5982  658
   -4.48083   -39.5982  659
    4.98842   -39.5982  660
    14.4601   -39.5982  661
    23.9368   -39.5982  662
    33.4117   -39.5982  663
    42.8859   -39.5982  664
    52.3552   -39.5982  665
    65.2693   -46.8026  666
    75.8541   -46.8026  667
    86.4404   -46.8026  668
    97.0316   -46.8026  669
    107.620   -46.8026  670
    118.212   -46.8026  671
    128.797   -46.8026  672
    139.384   -46.8026  673
    149.971   -46.8026  674
    160.562   -46.8026  675
    171.151   -46.8026  676
   -178.259   -46.8026  677
   -167.677   -46.8026  678
   -157.087   -46.8026  679
   -146.493   -46.8026  680
   -135.911   -46.8026  681
   -125.325   -46.8026  682
   -114.731   -46.8026  683
  -104.1459   -46.8026  684
   -93.5596   -46.8026  685
   -82.9684   -46.8026  686
   -72.3803   -46.8026  687
   -61.7877   -46.8026  688
   -51.2029   -46.8026  689
   -40.6158   -46.8026  690
   -30.0293   -46.8026  691
   -19.4382   -46.8026  692
   -8.84861   -46.8026  693
    1.74128   -46.8026  694
    12.3227   -46.8026  695
    22.9128   -46.8026  696
    33.5067   -46.8026  697
    44.0886   -46.8026  698
    54.6754   -46.8026  699
    68.7000   -53.9984  700
    81.1130   -53.9984  701
    93.5307   -53.9984  702
    105.947   -53.9984  703
    118.357   -53.9984  704
    130.770   -53.9984  705
    143.189   -53.9984  706
    155.602   -53.9984  707
    168.011   -53.9984  708
   -179.571   -53.9984  709
   -167.162   -53.9984  710
   -154.743   -53.9984  711
   -142.333   -53.9984  712
   -129.920   -53.9984  713
   -117.507   -53.9984  714
  -105.0884   -53.9984  715
   -92.6818   -53.9984  716
   -80.2636   -53.9984  717
   -67.8510   -53.9984  718
   -55.4312   -53.9984  719
   -43.0213   -53.9984  720
   -30.6094   -53.9984  721
   -18.1914   -53.9984  722
   -5.78043   -53.9984  723
    6.63297   -53.9984  724
    19.0453   -53.9984  725
    31.4619   -53.9984  726
    43.8764   -53.9984  727
    56.2883   -53.9984  728
    72.1330   -61.1992  729
    87.1329   -61.1992  730
   102.1379   -61.1992  731
    117.134   -61.1992  732
    132.139   -61.1992  733
    147.141   -61.1992  734
    162.133   -61.1992  735
    177.133   -61.1992  736
   -167.862   -61.1992  737
   -152.866   -61.1992  738
   -137.861   -61.1992  739
   -122.859   -61.1992  740
   -107.867   -61.1992  741
   -92.8671   -61.1992  742
   -77.8621   -61.1992  743
   -62.8658   -61.1992  744
   -47.8607   -61.1992  745
   -32.8588   -61.1992  746
   -17.8670   -61.1992  747
   -2.86716   -61.1992  748
    12.1379   -61.1992  749
    27.1342   -61.1992  750
    42.1393   -61.1992  751
    57.1412   -61.1992  752
    75.5749   -68.4037  753
    95.5650   -68.4037  754
    115.570   -68.4037  755
    135.572   -68.4037  756
    155.579   -68.4037  757
    175.575   -68.4037  758
   -164.431   -68.4037  759
   -144.419   -68.4037  760
   -124.428   -68.4037  761
  -104.4251   -68.4037  762
   -84.4350   -68.4037  763
   -64.4303   -68.4037  764
   -44.4277   -68.4037  765
   -24.4208   -68.4037  766
   -4.42497   -68.4037  767
    15.5691   -68.4037  768
    35.5811   -68.4037  769
    55.5716   -68.4037  770
    79.0109   -75.6039  771
    109.011   -75.6039  772
    139.011   -75.6039  773
    169.011   -75.6039  774
   -160.989   -75.6039  775
   -130.989   -75.6039  776
  -100.9891   -75.6039  777
   -70.9894   -75.6039  778
   -40.9887   -75.6039  779
   -10.9891   -75.6039  780
    19.0106   -75.6039  781
    49.0113   -75.6039  782
    82.4326   -82.7933  783
    142.454   -82.7933  784
   -157.570   -82.7933  785
   -97.5674   -82.7933  786
   -37.5463   -82.7933  787
    22.4299   -82.7933  788
