  1  4  5  4  10  11  7  8  18  24  25  42  209  240  241  94  124  125  101
  131  132  167  199  200  13  26  27  1  7  8  7  16  17  1  3  4  11  23  24
  4  11  12  1  5  6  4  5  12  1  3  8  1  6  7  9  10  21  17  18  33  38  39
  60  33  34  54  3  4  10  3  9  10  13  14  27  81  109  110  6  15  16  11
  12  24  6  7  16  5  12  13  5  6  14  5  13  14  6  14  15  46  47  70  27
  45  46  17  31  32  8  19  20  18  33  34  7  17  18  16  30  31  3  8  20  8
  18  19  18  19  34  3  9  20  21  22  38  37  58  59  21  38  59  10  21  22
  10  11  23  10  22  23  61  87  88  40  61  62  27  28  46  12  24  25  12  13
  26  12  25  26  94  95  125  15  29  30  15  16  30  14  27  28  14  15  29
  14  28  29  16  17  31  29  47  48  29  48  49  29  30  49  36  57  58  123
  154  155  17  32  33  71  72  99  9  21  37  32  33  53  9  20  37  19  34  35
  19  20  36  19  35  36  36  37  58  20  36  37  63  64  90  25  43  44  25  26
  44  22  38  39  22  23  40  22  39  40  23  24  41  23  40  41  24  41  42  61
  62  88  25  42  43  42  64  65  42  43  65  69  96  97  26  27  45  26  44  45
  93  94  123  49  50  74  28  29  47  28  46  47  72  73  100  32  51  52  47
  70  71  57  82  83  30  31  50  30  49  50  31  32  51  31  50  51  78  79
  107  75  103  104  32  52  53  51  52  76  33  53  54  52  53  77  34  35  55
  34  54  55  35  36  56  35  55  56  36  56  57  79  80  108  21  37  59  56
  81  82  242  271  272  83  84  113  38  59  86  84  85  114  39  40  61  39
  60  61  40  62  63  40  41  63  117  118  149  88  117  118  41  42  64  41
  63  64  47  48  71  91  92  121  43  44  66  43  65  66  92  93  122  44  66
  67  44  45  68  44  67  68  45  46  69  45  68  69  46  69  70  68  95  96  75
  76  104  69  70  97  53  78  79  48  71  72  48  49  73  48  72  73  49  73
  74  53  54  79  50  51  75  50  74  75  51  75  76  100  101  131  52  76  77
  101  102  132  53  77  78  159  191  192  56  57  82  77  78  106  54  55  80
  54  79  80  55  56  81  55  80  81  107  108  138  81  82  110  57  83  84  57
  58  84  82  110  111  60  61  87  58  59  85  58  84  85  38  60  86  59  85
  86  113  114  145  87  88  117  64  91  92  64  65  92  62  63  89  62  88  89
  63  89  90  88  89  118  64  90  91  118  149  150  68  69  96  90  91  120
  65  66  93  65  92  93  66  67  94  66  93  94  67  68  95  67  94  95  123
  124  155  96  126  127  73  101  102  73  74  102  70  71  98  70  97  98  71
  98  99  97  98  128  72  99  100  98  99  129  73  100  101  99  100  130  132
  133  165  134  166  167  74  75  103  74  102  103  60  87  116  82  111  112
  76  77  105  76  104  105  77  105  106  134  135  167  78  106  107  106  107
  137  79  107  108  139  171  172  80  81  109  80  108  109  82  83  112  139
  140  172  140  141  173  108  138  139  60  86  116  258  286  287  83  112
  113  143  175  176  84  113  114  143  144  176  85  86  115  85  114  115
  114  115  146  86  115  116  145  146  178  152  153  185  96  97  127  129
  130  161  89  90  119  89  118  119  90  119  120  118  119  150  91  120  121
  179  180  212  92  121  122  121  122  153  93  122  123  159  160  192  94
  123  124  155  187  188  155  156  188  185  217  218  95  96  126  95  125
  126  132  163  164  105  135  136  97  127  128  125  156  157  98  128  129
  128  159  160  99  129  130  162  130  161  100  130  131  162  130  131  105
  106  136  167  168  200  102  103  133  102  132  133  103  104  134  103  133
  134  104  105  135  104  134  135  108  109  139  135  167  168  135  136  168
  106  136  137  170  137  138  107  137  138  109  140  141  170  202  203  109
  139  140  109  110  141  87  117  148  87  116  148  110  111  142  110  141
  142  111  112  143  111  142  143  112  113  144  112  143  144  113  144  145
  232  233  263  114  145  146  205  236  237  115  116  147  115  146  147  146
  147  179  116  147  148  211  179  212  150  182  183  120  151  152  120  121
  152  119  120  151  119  150  151  122  123  154  150  151  183  186  153  185
  121  152  153  186  153  154  122  153  154  242  243  272  125  126  157  124
  125  156  124  155  156  127  158  159  127  128  159  126  127  158  126  157
  158  128  129  160  157  189  190  129  160  161  157  158  190  224  225  255
  186  218  219  162  131  163  131  132  163  133  165  166  220  221  252  132
  164  165  133  134  166  170  137  169  165  197  198  136  168  169  165  166
  198  136  137  169  324  341  342  197  198  230  280  281  307  170  138  171
  138  139  171  203  234  235  228  258  259  140  172  173  176  177  209  141
  142  174  141  173  174  142  143  175  142  174  175  117  149  181  117  148
  181  144  145  177  144  176  177  145  177  178  236  237  267  146  178  179
  211  178  179  147  148  180  147  179  180  149  150  182  148  180  181  180
  181  213  209  210  241  186  185  218  152  184  185  151  152  184  151  183
  184  333  347  348  186  187  219  186  154  187  154  155  187  156  188  189
  156  157  189  248  277  278  163  195  196  160  192  193  2  357  358  158
  159  191  158  190  191  160  161  193  203  204  235  162  194  195  162  163
  195  162  161  194  161  193  194  163  164  196  191  223  224  254  282  283
  170  171  203  164  165  197  164  196  197  168  200  201  205  206  237  166
  167  199  166  198  199  168  169  201  228  229  259  174  206  207  171  203
  204  170  169  202  169  201  202  171  172  204  199  231  232  289  313  314
  174  175  207  172  173  205  172  204  205  173  174  206  173  205  206  275
  301  302  177  178  210  175  176  208  175  207  208  176  208  209  211  178
  210  207  238  239  177  209  210  182  183  215  149  182  214  180  212  213
  149  181  214  214  245  246  181  213  214  240  241  270  316  317  335  183
  184  216  183  215  216  184  185  217  184  216  217  190  222  223  187  219
  220  250  279  280  187  188  220  217  248  249  190  191  223  188  189  221
  188  220  221  189  190  222  189  221  222  191  192  224  248  249  278  199
  200  232  308  309  329  192  193  225  192  224  225  193  194  226  193  225
  226  194  195  227  194  226  227  195  196  228  195  227  228  196  197  229
  196  228  229  197  229  230  200  201  232  198  199  231  198  230  231  207
  208  239  331  332  347  201  202  233  201  232  233  202  203  234  202  233
  234  211  242  243  263  264  291  204  205  236  204  235  236  211  212  243
  289  290  314  206  207  238  206  237  238  245  274  275  292  293  316  208
  209  240  208  239  240  182  215  246  245  246  275  211  210  242  210  241
  242  272  299  300  182  214  246  212  213  244  212  243  244  213  214  245
  213  244  245  217  218  249  215  216  247  246  275  276  244  273  274  216
  217  248  216  247  248  250  251  280  223  254  255  218  219  250  218  249
  250  219  220  251  219  250  251  220  251  252  223  224  255  221  222  253
  221  252  253  222  223  254  222  253  254  231  261  262  254  255  283  225
  226  256  225  255  256  226  227  257  226  256  257  227  228  258  227  257
  258  231  232  262  256  284  285  229  230  260  229  259  260  230  231  261
  230  260  261  235  265  266  258  259  287  232  262  263  235  236  266  233
  234  264  233  263  264  234  235  265  234  264  265  239  269  270  315  334
  335  236  266  267  239  240  270  237  238  268  237  267  268  238  239  269
  238  268  269  277  304  325  294  317  318  241  242  271  241  270  271  244
  245  274  294  295  318  243  244  273  243  272  273  215  247  276  270  297
  298  215  246  276  247  248  277  251  280  281  251  252  281  276  302  303
  275  276  302  253  254  282  300  322  323  249  250  279  249  278  279  256
  257  285  306  327  328  328  344  345  345  346  356  252  253  282  252  281
  282  261  289  290  279  305  306  255  256  284  255  283  284  260  288  289
  287  311  312  257  258  286  257  285  286  260  261  289  284  309  310  259
  260  288  259  287  288  261  262  290  285  310  311  287  288  312  270  271
  298  262  263  291  262  290  291  264  265  292  264  291  292  265  266  293
  265  292  293  266  267  294  266  293  294  267  268  295  267  294  295  268
  269  296  268  295  296  269  270  297  269  296  297  272  273  300  273  274
  300  271  272  299  271  298  299  300  301  323  247  277  303  274  275  301
  274  300  301  247  276  303  279  280  306  277  278  304  282  307  308  277
  303  325  322  323  340  278  279  305  278  304  305  282  283  308  306  307
  328  280  306  307  281  282  307  284  285  310  305  326  327  283  284  309
  283  308  309  285  286  311  2  359  360  311  331  332  286  287  311  297
  298  320  291  315  316  288  289  313  288  312  313  291  292  316  311  312
  332  290  291  315  290  314  315  298  320  321  315  316  335  293  294  317
  293  316  317  298  299  321  321  322  339  295  296  319  295  318  319  296
  297  320  296  319  320  324  325  342  320  338  339  299  300  322  299  321
  322  303  324  325  302  303  324  301  302  324  301  323  324  305  306  327
  304  305  326  320  321  339  304  326  342  313  332  333  328  329  345  348
  357  358  307  308  328  308  328  329  313  314  333  309  310  330  309  329
  330  310  311  331  310  330  331  312  313  332  333  334  348  318  336  337
  330  345  346  314  315  334  314  333  334  318  319  337  348  349  358  317
  318  336  317  335  336  349  350  358  340  352  353  319  320  338  319  337
  338  323  340  341  340  341  353  322  339  340  323  324  341  304  325  342
  339  340  352  326  327  343  330  331  346  338  351  352  2  358  359  327
  328  344  327  343  344  329  330  345  351  352  359  336  337  350  346  356
  357  331  346  347  332  333  347  338  339  352  346  347  357  334  335  349
  334  348  349  335  336  350  335  349  350  337  338  351  337  350  351  343
  344  355  2  355  360  326  343  354  326  342  354  341  342  354  341  353
  354  2  355  356  343  354  355  344  345  356  344  355  356  2  356  357
  347  348  357  354  355  360  353  354  360  350  351  359  350  358  359  352
  353  360  352  359  360
