  3  4  9  12  13  23  1  3  8  11  12  22  9  10  19  21  11  22  24  14  25
  29  30  42  45  46  55  7  15  16  1  3  4  4  9  10  36  37  48  1  4  5  1
  5  6  5  11  12  7  8  16  1  6  7  1  7  8  4  5  11  16  17  28  8  17  18
  10  19  20  21  10  20  21  10  11  4  10  11  24  13  23  6  7  14  5  6  13
  5  12  13  24  13  14  6  13  14  24  23  36  7  14  15  3  8  18  3  9  18  9
  18  31  8  16  17  19  20  32  43  30  42  17  29  30  17  18  30  42  52  53
  20  32  33  21  20  33  12  22  23  22  23  35  21  22  34  15  26  27  15  16
  27  14  15  26  14  25  26  17  28  29  37  38  49  40  27  28  16  27  28  38
  49  50  29  41  42  43  30  31  43  31  44  18  30  31  9  19  31  41  42  52
  43  53  54  26  27  39  40  27  39  21  33  34  32  33  45  22  34  35  49  50
  57  23  35  36  35  36  47  24  25  37  24  36  37  25  26  38  25  37  38  38
  39  50  26  38  39  40  28  41  28  29  41  43  42  53  50  57  58  19  31  44
  19  32  44  43  44  54  32  45  54  33  34  46  33  45  46  34  35  47  34  46
  47  36  47  48  47  48  56  37  48  49  46  55  56  40  39  50  2  57  58  40
  41  51  40  50  51  41  51  52  50  51  58  32  44  54  2  58  59  46  47  56
  45  55  60  45  54  60  2  59  60  2  56  57  2  55  56  48  49  57  48  56
  57  2  55  60  52  53  59  51  52  59  51  58  59  53  54  60  53  59  60
