  1  8  9  14  24  25  11  12  21  8  14  15  25  26  40  42  43  59  33  48  49
  36  52  53  17  18  30  1  11  12  30  31  46  1  7  8  8  9  15  26  40  41
  1  9  10  9  10  17  1  7  12  1  10  11  14  25  26  12  22  23  7  12  23  7
  13  23  7  8  14  7  13  14  75  89  90  51  52  68  14  15  26  9  15  16  9
  16  17  12  21  22  18  30  31  10  17  18  10  11  19  10  18  19  18  19  31
  11  19  20  11  20  21  89  99  100  49  65  66  20  33  34  13  14  24  22
  35  36  35  51  52  23  37  38  25  39  40  39  56  72  44  60  61  32  47  48
  15  16  27  15  26  27  16  17  28  16  27  28  28  43  44  17  28  29  17  29
  30  28  29  44  20  21  34  4  62  63  19  20  32  19  31  32  32  33  48  20
  32  33  34  35  50  48  64  65  21  22  35  21  34  35  13  23  38  13  24  38
  22  23  37  22  36  37  37  38  54  53  54  70  38  54  55  24  25  39  3  41
  57  40  56  57  56  57  73  26  27  41  3  41  42  27  41  42  27  28  43  27
  42  43  62  77  78  46  47  63  29  30  45  29  44  45  4  45  46  30  45  46
  31  32  47  31  46  47  4  46  63  45  61  62  35  36  52  33  34  49  5  49
  50  34  49  50  5  50  51  35  50  51  36  37  53  24  38  55  5  66  67  5
  51  67  2  54  70  37  53  54  24  39  55  2  54  55  40  41  57  39  40  56
  44  45  61  57  73  74  3  57  58  57  58  74  3  42  59  3  58  59  43  44
  60  43  59  60  4  45  62  86  97  98  88  98  99  73  74  88  62  63  78  48
  49  65  47  48  64  47  63  64  5  49  66  77  78  91  39  55  72  64  65  80
  66  81  82  66  67  82  51  67  68  2  55  71  52  53  69  52  68  69  53  69
  70  81  82  94  68  83  84  2  70  71  72  86  87  55  71  72  6  101  102  70
  71  85  61  62  77  75  76  90  58  59  75  58  74  75  59  60  76  59  75  76
  60  61  77  60  76  77  68  69  84  71  85  86  63  64  79  63  78  79  64  79
  80  79  80  92  65  66  81  65  80  81  71  72  86  80  81  93  67  68  83  67
  82  83  56  73  87  83  84  95  69  70  85  69  84  85  56  72  87  96  97
  103  84  95  96  84  85  96  86  87  98  73  88  98  74  75  89  74  88  89
  76  77  90  89  90  100  77  90  91  6  102  103  78  79  92  78  91  92  80
  92  93  92  93  101  81  93  94  91  100  101  82  83  95  82  94  95  85  96
  97  85  86  97  73  87  98  95  102  103  91  92  101  88  89  99  95  96  103
  6  99  104  90  91  100  6  99  100  94  95  102  6  100  101  93  94  102  93
  101  102  98  99  104  97  98  104  6  103  104  97  103  104
