  1  4  5  4  10  11  50  51  71  11  12  23  95  74  75  25  41  42  73  93  94
  73  74  94  16  29  30  1  7  8  9  19  35  1  3  4  13  25  26  22  37  38  1
  5  6  4  11  12  1  3  8  1  6  7  21  36  37  7  16  17  7  8  17  8  18  19
  3  4  10  3  9  10  4  5  12  10  20  21  3  8  19  21  22  37  5  6  13  5
  12  13  13  14  26  6  13  14  6  7  15  6  14  15  14  27  28  7  15  16  3
  9  19  29  46  47  16  30  31  8  17  18  9  10  20  30  31  49  18  32  33
  19  33  34  12  24  25  12  13  25  10  11  22  10  21  22  11  22  23  38  39
  58  12  23  24  59  39  58  23  24  40  25  26  42  14  15  28  59  40  60  29
  30  47  14  26  27  64  44  45  26  43  44  15  16  29  15  28  29  16  17  31
  64  45  65  18  19  33  33  34  52  17  18  32  17  31  32  49  69  70  31  49
  50  37  56  57  20  21  36  19  34  35  9  20  35  35  54  55  34  53  54  37
  38  57  59  79  80  24  40  41  24  25  41  22  23  39  22  38  39  23  39  40
  59  39  40  59  60  80  43  44  63  26  27  44  42  61  62  79  80  100  26
  42  43  63  83  84  64  44  63  27  28  45  27  44  45  28  29  46  28  45  46
  31  32  50  117  132  133  82  83  103  30  47  48  30  48  49  47  67  68  49
  50  70  70  71  91  32  33  51  32  50  51  33  51  52  34  35  54  90  70  91
  34  52  53  20  35  55  53  73  74  53  54  74  20  36  55  55  75  76  36  37
  56  38  57  58  57  77  78  57  58  78  56  57  77  40  41  60  42  43  62  41
  42  61  41  60  61  43  62  63  132  143  144  64  63  84  68  69  89  45  65
  66  45  46  66  67  87  88  47  48  68  46  47  67  46  66  67  90  69  89
  102  103  121  48  49  69  48  68  69  51  71  72  90  69  70  50  70  71  51
  52  72  72  92  93  110  127  128  52  53  73  52  72  73  36  56  76  36  55
  76  54  55  75  54  74  75  95  75  96  56  76  97  96  115  116  96  97  116
  95  114  115  104  105  123  59  58  79  58  78  79  60  80  81  60  61  81
  78  98  99  65  85  86  61  62  82  61  81  82  62  63  83  62  82  83  81
  101  102  65  66  86  64  65  85  64  84  85  67  68  88  95  96  115  66  67
  87  66  86  87  68  88  89  107  108  125  121  135  136  106  107  124  90
  89  109  72  73  93  71  72  92  71  91  92  95  74  94  135  136  146  126
  127  140  110  111  128  75  76  96  78  79  99  56  77  97  76  96  97  77
  78  98  97  116  117  98  99  118  101  102  120  79  99  100  81  82  102  80
  81  101  80  100  101  85  105  106  116  117  132  82  102  103  85  86  106
  83  84  104  83  103  104  84  85  105  84  104  105  113  129  130  103  121
  122  86  87  107  86  106  107  87  88  108  87  107  108  88  89  109  88
  108  109  90  91  110  90  109  110  91  92  111  91  110  111  92  93  112
  92  111  112  93  94  113  93  112  113  95  94  114  94  113  114  77  98
  117  112  128  129  77  97  117  113  114  130  99  118  119  99  100  119  98
  118  133  115  131  132  103  104  122  121  122  136  100  101  120  100  119
  120  102  120  121  124  125  138  125  138  139  134  144  145  104  122  123
  112  113  129  105  106  124  105  123  124  107  124  125  136  137  146  108
  109  126  108  125  126  109  110  127  109  126  127  111  112  128  125  126
  139  129  130  142  128  140  141  115  116  132  128  129  141  114  115  131
  114  130  131  98  117  133  132  133  144  118  119  134  120  121  135  118
  134  144  144  145  150  119  120  135  119  134  135  143  144  150  118  133
  144  122  123  137  122  136  137  123  124  138  123  137  138  2  147  148
  137  146  147  126  139  140  127  128  140  139  147  148  139  140  148  129
  141  142  130  131  142  131  132  143  131  142  143  137  138  147  134  135
  145  2  148  149  2  149  150  135  145  146  2  145  146  138  139  147  2
  146  147  2  145  150  140  141  148  141  142  149  141  148  149  142  143
  150  142  149  150
