      1      3      4
      3      9     10
      6      7     17
     23     24     41
    208    239    240
     93    123    124
    100    130    131
    166    198    199
     12     25     26
      1      6      7
      6     15     16
      1      2      3
     10     22     23
      3     10     11
      1      4      5
      3      4     11
      1      2      7
      1      5      6
      8      9     20
     16     17     32
     37     38     59
     32     33     53
      2      3      9
      2      8      9
     12     13     26
     80    108    109
      5     14     15
     10     11     23
      5      6     15
      4     11     12
      4      5     13
      4     12     13
      5     13     14
     45     46     69
     26     44     45
     16     30     31
      7     18     19
     17     32     33
      6     16     17
     15     29     30
      2      7     19
      7     17     18
     17     18     33
      2      8     19
     20     21     37
     36     57     58
     20     37     58
      9     20     21
      9     10     22
      9     21     22
     60     86     87
     39     60     61
     26     27     45
     11     23     24
     11     12     25
     11     24     25
     93     94    124
     14     28     29
     14     15     29
     13     26     27
     13     14     28
     13     27     28
     15     16     30
     28     46     47
     28     47     48
     28     29     48
     35     56     57
    122    153    154
     16     31     32
     70     71     98
      8     20     36
     31     32     52
      8     19     36
     18     33     34
     18     19     35
     18     34     35
     35     36     57
     19     35     36
     62     63     89
     24     42     43
     24     25     43
     21     37     38
     21     22     39
     21     38     39
     22     23     40
     22     39     40
     23     40     41
     60     61     87
     24     41     42
     41     63     64
     41     42     64
     68     95     96
     25     26     44
     25     43     44
     92     93    122
     48     49     73
     27     28     46
     27     45     46
     71     72     99
     31     50     51
     46     69     70
     56     81     82
     29     30     49
     29     48     49
     30     31     50
     30     49     50
     77     78    106
     74    102    103
     31     51     52
     50     51     75
     32     52     53
     51     52     76
     33     34     54
     33     53     54
     34     35     55
     34     54     55
     35     55     56
     78     79    107
     20     36     58
     55     80     81
    241    270    271
     82     83    112
     37     58     85
     83     84    113
     38     39     60
     38     59     60
     39     61     62
     39     40     62
    116    117    148
     87    116    117
     40     41     63
     40     62     63
     46     47     70
     90     91    120
     42     43     65
     42     64     65
     91     92    121
     43     65     66
     43     44     67
     43     66     67
     44     45     68
     44     67     68
     45     68     69
     67     94     95
     74     75    103
     68     69     96
     52     77     78
     47     70     71
     47     48     72
     47     71     72
     48     72     73
     52     53     78
     49     50     74
     49     73     74
     50     74     75
     99    100    130
     51     75     76
    100    101    131
     52     76     77
    158    190    191
     55     56     81
     76     77    105
     53     54     79
     53     78     79
     54     55     80
     54     79     80
    106    107    137
     80     81    109
     56     82     83
     56     57     83
     81    109    110
     59     60     86
     57     58     84
     57     83     84
     37     59     85
     58     84     85
    112    113    144
     86     87    116
     63     90     91
     63     64     91
     61     62     88
     61     87     88
     62     88     89
     87     88    117
     63     89     90
    117    148    149
     67     68     95
     89     90    119
     64     65     92
     64     91     92
     65     66     93
     65     92     93
     66     67     94
     66     93     94
    122    123    154
     95    125    126
     72    100    101
     72     73    101
     69     70     97
     69     96     97
     70     97     98
     96     97    127
     71     98     99
     97     98    128
     72     99    100
     98     99    129
    131    132    164
    133    165    166
     73     74    102
     73    101    102
     59     86    115
     81    110    111
     75     76    104
     75    103    104
     76    104    105
    133    134    166
     77    105    106
    105    106    136
     78    106    107
    138    170    171
     79     80    108
     79    107    108
     81     82    111
    138    139    171
    139    140    172
    107    137    138
     59     85    115
    257    285    286
     82    111    112
    142    174    175
     83    112    113
    142    143    175
     84     85    114
     84    113    114
    113    114    145
     85    114    115
    144    145    177
    151    152    184
     95     96    126
    128    129    160
     88     89    118
     88    117    118
     89    118    119
    117    118    149
     90    119    120
    178    179    211
     91    120    121
    120    121    152
     92    121    122
    158    159    191
     93    122    123
    154    186    187
    154    155    187
    184    216    217
     94     95    125
     94    124    125
    131    162    163
    104    134    135
     96    126    127
    124    155    156
     97    127    128
    127    158    159
     98    128    129
    161    129    160
     99    129    130
    161    129    130
    104    105    135
    166    167    199
    101    102    132
    101    131    132
    102    103    133
    102    132    133
    103    104    134
    103    133    134
    107    108    138
    134    166    167
    134    135    167
    105    135    136
    169    136    137
    106    136    137
    108    139    140
    169    201    202
    108    138    139
    108    109    140
     86    116    147
     86    115    147
    109    110    141
    109    140    141
    110    111    142
    110    141    142
    111    112    143
    111    142    143
    112    143    144
    231    232    262
    113    144    145
    204    235    236
    114    115    146
    114    145    146
    145    146    178
    115    146    147
    210    178    211
    149    181    182
    119    150    151
    119    120    151
    118    119    150
    118    149    150
    121    122    153
    149    150    182
    185    152    184
    120    151    152
    185    152    153
    121    152    153
    241    242    271
    124    125    156
    123    124    155
    123    154    155
    126    157    158
    126    127    158
    125    126    157
    125    156    157
    127    128    159
    156    188    189
    128    159    160
    156    157    189
    223    224    254
    185    217    218
    161    130    162
    130    131    162
    132    164    165
    219    220    251
    131    163    164
    132    133    165
    169    136    168
    164    196    197
    135    167    168
    164    165    197
    135    136    168
    323    340    341
    196    197    229
    279    280    306
    169    137    170
    137    138    170
    202    233    234
    227    257    258
    139    171    172
    175    176    208
    140    141    173
    140    172    173
    141    142    174
    141    173    174
    116    148    180
    116    147    180
    143    144    176
    143    175    176
    144    176    177
    235    236    266
    145    177    178
    210    177    178
    146    147    179
    146    178    179
    148    149    181
    147    179    180
    179    180    212
    208    209    240
    185    184    217
    151    183    184
    150    151    183
    150    182    183
    332    346    347
    185    186    218
    185    153    186
    153    154    186
    155    187    188
    155    156    188
    247    276    277
    162    194    195
    159    191    192
    360    356    357
    157    158    190
    157    189    190
    159    160    192
    202    203    234
    161    193    194
    161    162    194
    161    160    193
    160    192    193
    162    163    195
    190    222    223
    253    281    282
    169    170    202
    163    164    196
    163    195    196
    167    199    200
    204    205    236
    165    166    198
    165    197    198
    167    168    200
    227    228    258
    173    205    206
    170    202    203
    169    168    201
    168    200    201
    170    171    203
    198    230    231
    288    312    313
    173    174    206
    171    172    204
    171    203    204
    172    173    205
    172    204    205
    274    300    301
    176    177    209
    174    175    207
    174    206    207
    175    207    208
    210    177    209
    206    237    238
    176    208    209
    181    182    214
    148    181    213
    179    211    212
    148    180    213
    213    244    245
    180    212    213
    239    240    269
    315    316    334
    182    183    215
    182    214    215
    183    184    216
    183    215    216
    189    221    222
    186    218    219
    249    278    279
    186    187    219
    216    247    248
    189    190    222
    187    188    220
    187    219    220
    188    189    221
    188    220    221
    190    191    223
    247    248    277
    198    199    231
    307    308    328
    191    192    224
    191    223    224
    192    193    225
    192    224    225
    193    194    226
    193    225    226
    194    195    227
    194    226    227
    195    196    228
    195    227    228
    196    228    229
    199    200    231
    197    198    230
    197    229    230
    206    207    238
    330    331    346
    200    201    232
    200    231    232
    201    202    233
    201    232    233
    210    241    242
    262    263    290
    203    204    235
    203    234    235
    210    211    242
    288    289    313
    205    206    237
    205    236    237
    244    273    274
    291    292    315
    207    208    239
    207    238    239
    181    214    245
    244    245    274
    210    209    241
    209    240    241
    271    298    299
    181    213    245
    211    212    243
    211    242    243
    212    213    244
    212    243    244
    216    217    248
    214    215    246
    245    274    275
    243    272    273
    215    216    247
    215    246    247
    249    250    279
    222    253    254
    217    218    249
    217    248    249
    218    219    250
    218    249    250
    219    250    251
    222    223    254
    220    221    252
    220    251    252
    221    222    253
    221    252    253
    230    260    261
    253    254    282
    224    225    255
    224    254    255
    225    226    256
    225    255    256
    226    227    257
    226    256    257
    230    231    261
    255    283    284
    228    229    259
    228    258    259
    229    230    260
    229    259    260
    234    264    265
    257    258    286
    231    261    262
    234    235    265
    232    233    263
    232    262    263
    233    234    264
    233    263    264
    238    268    269
    314    333    334
    235    265    266
    238    239    269
    236    237    267
    236    266    267
    237    238    268
    237    267    268
    276    303    324
    293    316    317
    240    241    270
    240    269    270
    243    244    273
    293    294    317
    242    243    272
    242    271    272
    214    246    275
    269    296    297
    214    245    275
    246    247    276
    250    279    280
    250    251    280
    275    301    302
    274    275    301
    252    253    281
    299    321    322
    248    249    278
    248    277    278
    255    256    284
    305    326    327
    327    343    344
    344    345    355
    251    252    281
    251    280    281
    260    288    289
    278    304    305
    254    255    283
    254    282    283
    259    287    288
    286    310    311
    256    257    285
    256    284    285
    259    260    288
    283    308    309
    258    259    287
    258    286    287
    260    261    289
    284    309    310
    286    287    311
    269    270    297
    261    262    290
    261    289    290
    263    264    291
    263    290    291
    264    265    292
    264    291    292
    265    266    293
    265    292    293
    266    267    294
    266    293    294
    267    268    295
    267    294    295
    268    269    296
    268    295    296
    271    272    299
    272    273    299
    270    271    298
    270    297    298
    299    300    322
    246    276    302
    273    274    300
    273    299    300
    246    275    302
    278    279    305
    276    277    303
    281    306    307
    276    302    324
    321    322    339
    277    278    304
    277    303    304
    281    282    307
    305    306    327
    279    305    306
    280    281    306
    283    284    309
    304    325    326
    282    283    308
    282    307    308
    284    285    310
    360    358    359
    310    330    331
    285    286    310
    296    297    319
    290    314    315
    287    288    312
    287    311    312
    290    291    315
    310    311    331
    289    290    314
    289    313    314
    297    319    320
    314    315    334
    292    293    316
    292    315    316
    297    298    320
    320    321    338
    294    295    318
    294    317    318
    295    296    319
    295    318    319
    323    324    341
    319    337    338
    298    299    321
    298    320    321
    302    323    324
    301    302    323
    300    301    323
    300    322    323
    304    305    326
    303    304    325
    319    320    338
    303    325    341
    312    331    332
    327    328    344
    347    356    357
    306    307    327
    307    327    328
    312    313    332
    308    309    329
    308    328    329
    309    310    330
    309    329    330
    311    312    331
    332    333    347
    317    335    336
    329    344    345
    313    314    333
    313    332    333
    317    318    336
    347    348    357
    316    317    335
    316    334    335
    348    349    357
    339    351    352
    318    319    337
    318    336    337
    322    339    340
    339    340    352
    321    338    339
    322    323    340
    303    324    341
    338    339    351
    325    326    342
    329    330    345
    337    350    351
    360    357    358
    326    327    343
    326    342    343
    328    329    344
    350    351    358
    335    336    349
    345    355    356
    330    345    346
    331    332    346
    337    338    351
    345    346    356
    333    334    348
    333    347    348
    334    335    349
    334    348    349
    336    337    350
    336    349    350
    342    343    354
    360    354    359
    325    342    353
    325    341    353
    340    341    353
    340    352    353
    360    354    355
    342    353    354
    343    344    355
    343    354    355
    360    355    356
    346    347    356
    353    354    359
    352    353    359
    349    350    358
    349    357    358
    351    352    359
    351    358    359
