   90.0000000       0.00000000       3486000.00               1
   77.1428604       0.00000000       3486000.00               1
   77.1428604       60.0000000       3486000.00               1
   77.1428604       120.000000       3486000.00              -1
   77.1428604       180.000000       3486000.00              -1
   77.1428604      -120.000000       3486000.00              -1
   77.1428604      -60.0000000       3486000.00              -1
   64.2857132       0.00000000       3486000.00               1
   64.2857132       30.0000000       3486000.00               1
   64.2857132       60.0000000       3486000.00               1
   64.2857132       90.0000000       3486000.00               1
   64.2857132       120.000000       3486000.00              -1
   64.2857132       150.000000       3486000.00              -1
   64.2857132       180.000000       3486000.00              -1
   64.2857132      -150.000000       3486000.00              -1
   64.2857132      -120.000000       3486000.00              -1
   64.2857132      -90.0000000       3486000.00              -1
   64.2857132      -60.0000000       3486000.00              -1
   64.2857132      -30.0000000       3486000.00              -1
   51.4285736       0.00000000       3486000.00               1
   51.4285736       21.1764698       3486000.00               1
   51.4285736       42.3529396       3486000.00               1
   51.4285736       63.5294113       3486000.00               1
   51.4285736       84.7058792       3486000.00               1
   51.4285736       105.882347       3486000.00              -1
   51.4285736       127.058823       3486000.00              -1
   51.4285736       148.235291       3486000.00              -1
   51.4285736       169.411758       3486000.00              -1
   51.4285736      -169.411774       3486000.00              -1
   51.4285736      -148.235306       3486000.00              -1
   51.4285736      -127.058838       3486000.00              -1
   51.4285736      -105.882355       3486000.00              -1
   51.4285736      -84.7059021       3486000.00              -1
   51.4285736      -63.5294189       3486000.00              -1
   51.4285736      -42.3529663       3486000.00              -1
   51.4285736      -21.1764832       3486000.00              -1
   38.5714302       0.00000000       3486000.00               1
   38.5714302       16.3636360       3486000.00               1
   38.5714302       32.7272720       3486000.00               1
   38.5714302       49.0909081       3486000.00               1
   38.5714302       65.4545441       3486000.00               1
   38.5714302       81.8181763       3486000.00               1
   38.5714302       98.1818161       3486000.00              -1
   38.5714302       114.545456       3486000.00              -1
   38.5714302       130.909088       3486000.00              -1
   38.5714302       147.272720       3486000.00              -1
   38.5714302       163.636353       3486000.00              -1
   38.5714302       180.000000       3486000.00              -1
   38.5714302      -163.636368       3486000.00              -1
   38.5714302      -147.272736       3486000.00              -1
   38.5714302      -130.909088       3486000.00              -1
   38.5714302      -114.545456       3486000.00              -1
   38.5714302      -98.1818237       3486000.00              -1
   38.5714302      -81.8181763       3486000.00              -1
   38.5714302      -65.4545593       3486000.00              -1
   38.5714302      -49.0909119       3486000.00              -1
   38.5714302      -32.7272949       3486000.00              -1
   38.5714302      -16.3636475       3486000.00              -1
   25.7142868       0.00000000       3486000.00               1
   25.7142868       14.3999996       3486000.00               1
   25.7142868       28.7999992       3486000.00               1
   25.7142868       43.1999969       3486000.00               1
   25.7142868       57.5999985       3486000.00               1
   25.7142868       72.0000000       3486000.00               1
   25.7142868       86.3999939       3486000.00               1
   25.7142868       100.799995       3486000.00              -1
   25.7142868       115.199997       3486000.00              -1
   25.7142868       129.599991       3486000.00              -1
   25.7142868       144.000000       3486000.00              -1
   25.7142868       158.399994       3486000.00              -1
   25.7142868       172.799988       3486000.00              -1
   25.7142868      -172.800003       3486000.00              -1
   25.7142868      -158.400009       3486000.00              -1
   25.7142868      -144.000000       3486000.00              -1
   25.7142868      -129.600006       3486000.00              -1
   25.7142868      -115.200012       3486000.00              -1
   25.7142868      -100.800018       3486000.00              -1
   25.7142868      -86.3999939       3486000.00              -1
   25.7142868      -72.0000000       3486000.00              -1
   25.7142868      -57.6000061       3486000.00              -1
   25.7142868      -43.2000122       3486000.00              -1
   25.7142868      -28.8000183       3486000.00              -1
   25.7142868      -14.4000244       3486000.00              -1
   12.8571472       0.00000000       3486000.00               1
   12.8571472       13.3333330       3486000.00               1
   12.8571472       26.6666660       3486000.00               1
   12.8571472       40.0000000       3486000.00               1
   12.8571472       53.3333321       3486000.00               1
   12.8571472       66.6666641       3486000.00               1
   12.8571472       80.0000000       3486000.00               1
   12.8571472       93.3333282       3486000.00              -1
   12.8571472       106.666664       3486000.00              -1
   12.8571472       120.000000       3486000.00              -1
   12.8571472       133.333328       3486000.00              -1
   12.8571472       146.666656       3486000.00              -1
   12.8571472       160.000000       3486000.00              -1
   12.8571472       173.333328       3486000.00              -1
   12.8571472      -173.333344       3486000.00              -1
   12.8571472      -160.000000       3486000.00              -1
   12.8571472      -146.666672       3486000.00              -1
   12.8571472      -133.333344       3486000.00              -1
   12.8571472      -120.000000       3486000.00              -1
   12.8571472      -106.666672       3486000.00              -1
   12.8571472      -93.3333435       3486000.00              -1
   12.8571472      -80.0000000       3486000.00              -1
   12.8571472      -66.6666870       3486000.00              -1
   12.8571472      -53.3333435       3486000.00              -1
   12.8571472      -40.0000000       3486000.00              -1
   12.8571472      -26.6666870       3486000.00              -1
   12.8571472      -13.3333435       3486000.00              -1
   0.00000000       0.00000000       3486000.00               1
   0.00000000       12.8571424       3486000.00               1
   0.00000000       25.7142849       3486000.00               1
   0.00000000       38.5714264       3486000.00               1
   0.00000000       51.4285698       3486000.00               1
   0.00000000       64.2857132       3486000.00               1
   0.00000000       77.1428528       3486000.00               1
   0.00000000       90.0000000       3486000.00               1
   0.00000000       102.857140       3486000.00              -1
   0.00000000       115.714279       3486000.00              -1
   0.00000000       128.571426       3486000.00              -1
   0.00000000       141.428574       3486000.00              -1
   0.00000000       154.285706       3486000.00              -1
   0.00000000       167.142853       3486000.00              -1
   0.00000000       180.000000       3486000.00              -1
   0.00000000      -167.142868       3486000.00              -1
   0.00000000      -154.285721       3486000.00              -1
   0.00000000      -141.428574       3486000.00              -1
   0.00000000      -128.571442       3486000.00              -1
   0.00000000      -115.714294       3486000.00              -1
   0.00000000      -102.857147       3486000.00              -1
   0.00000000      -90.0000000       3486000.00              -1
   0.00000000      -77.1428528       3486000.00              -1
   0.00000000      -64.2857361       3486000.00              -1
   0.00000000      -51.4285889       3486000.00              -1
   0.00000000      -38.5714417       3486000.00              -1
   0.00000000      -25.7142944       3486000.00              -1
   0.00000000      -12.8571472       3486000.00              -1
  -12.8571396       0.00000000       3486000.00               1
  -12.8571396       13.3333330       3486000.00               1
  -12.8571396       26.6666660       3486000.00               1
  -12.8571396       40.0000000       3486000.00               1
  -12.8571396       53.3333321       3486000.00               1
  -12.8571396       66.6666641       3486000.00               1
  -12.8571396       80.0000000       3486000.00               1
  -12.8571396       93.3333282       3486000.00              -1
  -12.8571396       106.666664       3486000.00              -1
  -12.8571396       120.000000       3486000.00              -1
  -12.8571396       133.333328       3486000.00              -1
  -12.8571396       146.666656       3486000.00              -1
  -12.8571396       160.000000       3486000.00              -1
  -12.8571396       173.333328       3486000.00              -1
  -12.8571396      -173.333344       3486000.00              -1
  -12.8571396      -160.000000       3486000.00              -1
  -12.8571396      -146.666672       3486000.00              -1
  -12.8571396      -133.333344       3486000.00              -1
  -12.8571396      -120.000000       3486000.00              -1
  -12.8571396      -106.666672       3486000.00              -1
  -12.8571396      -93.3333435       3486000.00              -1
  -12.8571396      -80.0000000       3486000.00              -1
  -12.8571396      -66.6666870       3486000.00              -1
  -12.8571396      -53.3333435       3486000.00              -1
  -12.8571396      -40.0000000       3486000.00              -1
  -12.8571396      -26.6666870       3486000.00              -1
  -12.8571396      -13.3333435       3486000.00              -1
  -25.7142792       0.00000000       3486000.00               1
  -25.7142792       14.3999996       3486000.00               1
  -25.7142792       28.7999992       3486000.00               1
  -25.7142792       43.1999969       3486000.00               1
  -25.7142792       57.5999985       3486000.00               1
  -25.7142792       72.0000000       3486000.00               1
  -25.7142792       86.3999939       3486000.00               1
  -25.7142792       100.799995       3486000.00              -1
  -25.7142792       115.199997       3486000.00              -1
  -25.7142792       129.599991       3486000.00              -1
  -25.7142792       144.000000       3486000.00              -1
  -25.7142792       158.399994       3486000.00              -1
  -25.7142792       172.799988       3486000.00              -1
  -25.7142792      -172.800003       3486000.00              -1
  -25.7142792      -158.400009       3486000.00              -1
  -25.7142792      -144.000000       3486000.00              -1
  -25.7142792      -129.600006       3486000.00              -1
  -25.7142792      -115.200012       3486000.00              -1
  -25.7142792      -100.800018       3486000.00              -1
  -25.7142792      -86.3999939       3486000.00              -1
  -25.7142792      -72.0000000       3486000.00              -1
  -25.7142792      -57.6000061       3486000.00              -1
  -25.7142792      -43.2000122       3486000.00              -1
  -25.7142792      -28.8000183       3486000.00              -1
  -25.7142792      -14.4000244       3486000.00              -1
  -38.5714264       0.00000000       3486000.00               1
  -38.5714264       16.3636360       3486000.00               1
  -38.5714264       32.7272720       3486000.00               1
  -38.5714264       49.0909081       3486000.00               1
  -38.5714264       65.4545441       3486000.00               1
  -38.5714264       81.8181763       3486000.00               1
  -38.5714264       98.1818161       3486000.00              -1
  -38.5714264       114.545456       3486000.00              -1
  -38.5714264       130.909088       3486000.00              -1
  -38.5714264       147.272720       3486000.00              -1
  -38.5714264       163.636353       3486000.00              -1
  -38.5714264       180.000000       3486000.00              -1
  -38.5714264      -163.636368       3486000.00              -1
  -38.5714264      -147.272736       3486000.00              -1
  -38.5714264      -130.909088       3486000.00              -1
  -38.5714264      -114.545456       3486000.00              -1
  -38.5714264      -98.1818237       3486000.00              -1
  -38.5714264      -81.8181763       3486000.00              -1
  -38.5714264      -65.4545593       3486000.00              -1
  -38.5714264      -49.0909119       3486000.00              -1
  -38.5714264      -32.7272949       3486000.00              -1
  -38.5714264      -16.3636475       3486000.00              -1
  -51.4285736       0.00000000       3486000.00               1
  -51.4285736       21.1764698       3486000.00               1
  -51.4285736       42.3529396       3486000.00               1
  -51.4285736       63.5294113       3486000.00               1
  -51.4285736       84.7058792       3486000.00               1
  -51.4285736       105.882347       3486000.00              -1
  -51.4285736       127.058823       3486000.00              -1
  -51.4285736       148.235291       3486000.00              -1
  -51.4285736       169.411758       3486000.00              -1
  -51.4285736      -169.411774       3486000.00              -1
  -51.4285736      -148.235306       3486000.00              -1
  -51.4285736      -127.058838       3486000.00              -1
  -51.4285736      -105.882355       3486000.00              -1
  -51.4285736      -84.7059021       3486000.00              -1
  -51.4285736      -63.5294189       3486000.00              -1
  -51.4285736      -42.3529663       3486000.00              -1
  -51.4285736      -21.1764832       3486000.00              -1
  -64.2857056       0.00000000       3486000.00               1
  -64.2857056       30.0000000       3486000.00               1
  -64.2857056       60.0000000       3486000.00               1
  -64.2857056       90.0000000       3486000.00               1
  -64.2857056       120.000000       3486000.00              -1
  -64.2857056       150.000000       3486000.00              -1
  -64.2857056       180.000000       3486000.00              -1
  -64.2857056      -150.000000       3486000.00              -1
  -64.2857056      -120.000000       3486000.00              -1
  -64.2857056      -90.0000000       3486000.00              -1
  -64.2857056      -60.0000000       3486000.00              -1
  -64.2857056      -30.0000000       3486000.00              -1
  -77.1428528       0.00000000       3486000.00               1
  -77.1428528       60.0000000       3486000.00               1
  -77.1428528       120.000000       3486000.00              -1
  -77.1428528       180.000000       3486000.00              -1
  -77.1428528      -120.000000       3486000.00              -1
  -77.1428528      -60.0000000       3486000.00              -1
  -90.0000000       0.00000000       3486000.00               1
