10 0     1
 1000.0000000000000 
l      m     glm   hlm
 1         0      -35857.2298666666684           0.0000000000000
 1         1         376.3687428333333       -3515.6975800000000
 2         0       -1935.6159299999999           0.0000000000000
 2         1        1628.6852666666664        2656.7007033333334
 2         2        1313.1698516666665        -965.2906916666666
 3         0        -114.1496359833333           0.0000000000000
 3         1       -1392.0988916666668        -123.2733139166667
 3         2         139.7983523333333       -1698.2618299999999
 3         3       -1460.9229566666666         332.2149176666667
 4         0          -3.5167237433333           0.0000000000000
 4         1         148.0394078333333          49.6976496333333
 4         2        -161.2278546666667        -606.6856875000000
 4         3         -81.1391213166667        -135.4217716666666
 4         4         189.8360883333334        -472.6656156666667
 5         0         219.0828243333333           0.0000000000000
 5         1          66.4107999333333         -40.6019570000000
 5         2         180.4193616666667         -41.4833624333333
 5         3          28.2705648333333        -203.9167928333333
 5         4         -79.4401310666667        -140.6840175000000
 5         5          49.0601154333333         142.1327040000000
 6         0          18.7992873166667           0.0000000000000
 6         1          66.0770616333333          59.7328388666667
 6         2         -17.7293330166667           4.8710280883333
 6         3         -52.7712426333333        -131.1052581666667
 6         4         -47.4997257333333         -82.1035403500000
 6         5          42.8904471166667          -8.9321095495500
 6         6         -63.5723609166667         -56.7167159166667
 7         0           4.2451618416667           0.0000000000000
 7         1          16.8448694833333          14.8877848666667
 7         2           9.9789507750000         -14.4636767833333
 7         3          -6.7290472733333         -19.5429110833333
 7         4           8.5965826166667         -26.4031563000000
 7         5           3.8193916566667          12.8996372116667
 7         6         -16.5409712333333           6.4702883933333
 7         7          11.3334082166667          31.8744356500000
 8         0           0.4938396468333           0.0000000000000
 8         1           4.8791057550000          -4.8392175600000
 8         2           3.1824505900000           2.9439649400000
 8         3           1.0817546130000          -3.5392084166667
 8         4          -1.0330716048333          -3.4564991933333
 8         5          -1.1101170716667           9.8495909100000
 8         6           0.3469500546667           7.5580873783333
 8         7           3.2697331033333           6.9593774250000
 8         8           0.4849460170000          -2.2850835183333
 9         0          -0.6010500141667           0.0000000000000
 9         1          -1.1236554750000          -0.4293874273333
 9         2           0.8954877050000          -0.2920450028333
 9         3          -0.8952123901667           1.0733652016667
 9         4          -2.0924594750000          -0.5178100381667
 9         5           0.9851312273333           2.4016550466667
 9         6           1.8261505550000           2.4903715266667
 9         7           2.5838323600000           2.2806963066667
 9         8           2.5339048866667           0.0830790495333
 9         9           0.0247091783700          -0.8432106861667
10         0           0.0235112626833           0.0000000000000
10         1          -0.4081468645000          -0.5776831401667
10         2           0.3758585685000          -0.0927453193167
10         3          -0.1365236543333           0.3668162940000
10         4           0.0983826411167           0.6283568225000
10         5           0.1850995855000           0.7217335700000
10         6           0.8794544818333           1.5694501466667
10         7           0.9082156568333           0.7375626828333
10         8           0.5834549555000          -0.0404248897500
10         9          -0.4671934656667          -0.2935363730000
10        10          -0.1948393975000           0.1655366625000

