10 0     3
  -1000.0000000000000      0.0000000000000   1000.0000000000000 
l      m     glm   hlm
           1           0  -35888.605716666665        0.00000000    
           1           1  -199.63583528333334       -4385.6224216666660     
           2           0  -667.08884916666671        0.00000000    
           2           1  -1964.3488199999999       -840.88120366666669     
           2           2   3271.2737083333332        280.33342816666669     
           3           0  -721.45796100000007        0.00000000    
           3           1   1193.1280783333332        457.18306300000000     
           3           2  -1106.2651949999999        530.68153083333334     
           3           3  -516.16150016666666        748.73545016666674     
           4           0  -164.84047099999998        0.00000000    
           4           1   22.621016883333333       -146.34510116666667     
           4           2  -1097.3767816666666       -206.52803749999998     
           4           3  -311.14376916666663       -91.067049266666672     
           4           4   310.89537133333334       -458.26275899999996     
           5           0   233.64561516666663        0.00000000    
           5           1   292.26896549999998       -132.64524466666666     
           5           2   23.789441633333333        224.52665216666668     
           5           3   8.1191405383333333       -234.94635233333329     
           5           4  -256.98826499999996       -10.339662250000000     
           5           5  -135.17798983333333        308.23671149999996     
           6           0   38.683699783333331        0.00000000    
           6           1   80.864106833333324       -6.3384786799999997     
           6           2  -8.4334654616666676        15.819447566666668     
           6           3  -100.71669816666666       -110.18518766666666     
           6           4  -128.57868383333332       -5.1480104200000003     
           6           5  -45.175835266666667        64.454255549999999     
           6           6  -7.5649700266666660       -9.8314555433333322     
           7           0   9.1224264449999986        0.00000000    
           7           1   16.898787116666664       -6.4226387233333337     
           7           2  -9.1950768116666666        2.0800843666666662     
           7           3  -22.267232383333333       -30.345815283333330     
           7           4  -9.2308399416666660       -29.432281433333330     
           7           5  -20.734642733333335        4.9532997716666669     
           7           6  -4.5827773799999996        18.198508683333333     
           7           7   4.8691314183333336        10.687691600000001     
           8           0   1.1994693833333334        0.00000000    
           8           1   3.3689459450000001       -6.8499131166666656     
           8           2   2.2034684333333332E-002   2.5834139766666664     
           8           3  -2.6291825400000000       -3.6806949849999997     
           8           4  -4.6496966133333331       -4.9127702950000005     
           8           5  -5.5221445216666663        9.5949057316666675     
           8           6  -1.8532098283333334        7.9272196016666658     
           8           7  -3.6151167299999996       -3.2107413066666664     
           8           8  -2.8898217433333331       0.22038857116666666     
           9           0 -0.64868534216666662        0.00000000    
           9           1  -8.0742220850000004E-002 -0.57360430883333335     
           9           2 -0.99613617499999996        2.6637377725000001E-002
           9           3  -2.8382041983333330      -0.71581217549999987     
           9           4 -0.98406246599999991       -1.6222874899999999     
           9           5  -4.6207462033333334E-002  0.72685398316666661     
           9           6 -0.33354781533333333       0.89406618583333330     
           9           7 -0.77775257700000000      -0.64828176133333326     
           9           8  0.26648934133333335      -0.60380855716666670     
           9           9  0.39701112166666663      -0.54586842466666663     
          10           0 -0.26817159200000001        0.00000000    
          10           1  0.16855000816666668      -0.20822920149999999     
          10           2 -0.12450887266666665      -0.16531358666666668     
          10           3 -0.59085389583333336        5.9491253016666662E-002
          10           4  -2.1290227591666669E-002 -0.35428029599999999     
          10           5  -5.2728845399999988E-002  0.30145929116666670     
          10           6  0.37940517483333336        1.0188003066666667     
          10           7  0.64208107766666667        9.5383485966666653E-002
          10           8  -6.4289021166666661E-003 -0.55297172066666667     
          10           9 -0.45309995949999993      -0.23499527233333331     
          10          10 -0.11691385949999999       0.26960410000000001     
           1           0  -38227.698250000001        0.00000000    
           1           1  -93.542325033333327        607.30597283333339     
           2           0  -1373.6075266666667        0.00000000    
           2           1   697.52265150000005        1923.1334266666663     
           2           2   616.94459483333321        620.87734633333321     
           3           0  -1086.4394233333333        0.00000000    
           3           1   751.80498200000000        284.11507383333333     
           3           2  -421.64296483333334       -223.71389683333331     
           3           3  -1017.4773303333334       -885.17222916666663     
           4           0   141.71496200000001        0.00000000    
           4           1  -340.09346066666666       -123.75645099999998     
           4           2  -623.86510899999996       -633.23662283333329     
           4           3  -139.24881500000001       -186.45738166666666     
           4           4   366.54731783333330       -261.33642616666668     
           5           0   373.69773783333329        0.00000000    
           5           1   48.918672000000001       -70.748500849999999     
           5           2   206.56089233333333        17.094728666666665     
           5           3   171.39165199999999       -71.775916683333335     
           5           4  -204.32884783333333        158.05468983333333     
           5           5  -35.633755733333331        218.27323799999999     
           6           0   38.224309099999992        0.00000000    
           6           1   36.084609216666664        76.714436716666654     
           6           2   20.095557216666666       -47.289543416666667     
           6           3  -53.954028833333332       -58.582615116666666     
           6           4  -87.482480750000008        14.967456766666665     
           6           5  -31.553200949999997       -9.4917602666665934E-003
           6           6   1.3949091051666667       -53.259352683333326     
           7           0   3.6697074349999994        0.00000000    
           7           1   11.036336366666667        19.417804116666666     
           7           2  -6.0070054800000001       0.83853376899999998     
           7           3  -14.145886266666666       -18.771830833333333     
           7           4   12.686564366666666       -23.605412949999998     
           7           5  -12.232335850000000       -4.8542353533333333     
           7           6   10.388118766666665        7.1637997449999986     
           7           7   20.978328133333335        21.735178483333332     
           8           0  -4.1675926383333328        0.00000000    
           8           1   1.9276418599999998       -3.6974350433333329     
           8           2 -0.63623802016666664        3.7908257516666666     
           8           3   1.8461653650000001       0.16714450953333332     
           8           4  -1.0157339130000000       0.16716271556666668     
           8           5  -1.0472302671666667        11.226280533333334     
           8           6   1.9048021733333331        6.9474849366666671     
           8           7   1.0019295984999999       0.33068646033333332     
           8           8  -3.8100483083333332       0.23252640599999999     
           9           0 -0.76493702483333337        0.00000000    
           9           1 -0.66735312316666662      -0.75282069899999993     
           9           2  -1.1338976650000001       0.65614361833333346     
           9           3  -2.5027416466666663       0.91772105783333335     
           9           4  -1.8363037583333335       0.63645992816666663     
           9           5   1.6567545816666667        1.6862247799999999     
           9           6   1.6076075599999999        1.3946578666666665     
           9           7   1.3002033833333333       0.87134794616666666     
           9           8   1.2330959583333332      -0.67515043766666660     
           9           9  0.80610316566666662      -0.36774393116666665     
          10           0   1.6811937816666666E-003   0.00000000    
          10           1  -8.3676954433333332E-003 -0.66175903583333329     
          10           2 -0.27787935066666664      -0.23405729583333335     
          10           3 -0.23416783866666668       0.27787149049999998     
          10           4 -0.48615460216666667       0.48418463016666669     
          10           5  0.34132176549999999       0.51805017299999989     
          10           6  0.85809913966666673        1.4308804033333333     
          10           7  0.97621900466666656       0.74015898349999998     
          10           8  0.29843789066666671      -0.30165548783333329     
          10           9 -0.23381051949999998        6.0962046833333325E-002
          10          10 -0.19640867966666667       0.33949523049999997     
           1           0  -35857.229866666668        0.00000000    
           1           1   376.36874283333333       -3515.6975800000000     
           2           0  -1935.6159299999999        0.00000000    
           2           1   1628.6852666666664        2656.7007033333334     
           2           2   1313.1698516666665       -965.29069166666659     
           3           0  -114.14963598333333        0.00000000    
           3           1  -1392.0988916666668       -123.27331391666667     
           3           2   139.79835233333333       -1698.2618299999999     
           3           3  -1460.9229566666666        332.21491766666668     
           4           0  -3.5167237433333334        0.00000000    
           4           1   148.03940783333331        49.697649633333327     
           4           2  -161.22785466666667       -606.68568749999997     
           4           3  -81.139121316666660       -135.42177166666664     
           4           4   189.83608833333335       -472.66561566666667     
           5           0   219.08282433333332        0.00000000    
           5           1   66.410799933333323       -40.601956999999999     
           5           2   180.41936166666667       -41.483362433333333     
           5           3   28.270564833333331       -203.91679283333332     
           5           4  -79.440131066666666       -140.68401750000001     
           5           5   49.060115433333323        142.13270399999999     
           6           0   18.799287316666668        0.00000000    
           6           1   66.077061633333329        59.732838866666668     
           6           2  -17.729333016666665        4.8710280883333335     
           6           3  -52.771242633333330       -131.10525816666666     
           6           4  -47.499725733333328       -82.103540350000003     
           6           5   42.890447116666664       -8.9321095495499989     
           6           6  -63.572360916666668       -56.716715916666665     
           7           0   4.2451618416666665        0.00000000    
           7           1   16.844869483333333        14.887784866666665     
           7           2   9.9789507749999995       -14.463676783333332     
           7           3  -6.7290472733333333       -19.542911083333333     
           7           4   8.5965826166666659       -26.403156299999996     
           7           5   3.8193916566666664        12.899637211666667     
           7           6  -16.540971233333334        6.4702883933333322     
           7           7   11.333408216666665        31.874435649999995     
           8           0  0.49383964683333326        0.00000000    
           8           1   4.8791057550000003       -4.8392175599999998     
           8           2   3.1824505899999997        2.9439649399999999     
           8           3   1.0817546130000000       -3.5392084166666669     
           8           4  -1.0330716048333330       -3.4564991933333329     
           8           5  -1.1101170716666666        9.8495909100000016     
           8           6  0.34695005466666667        7.5580873783333331     
           8           7   3.2697331033333334        6.9593774249999996     
           8           8  0.48494601699999995       -2.2850835183333333     
           9           0 -0.60105001416666659        0.00000000    
           9           1  -1.1236554749999998      -0.42938742733333335     
           9           2  0.89548770499999997      -0.29204500283333334     
           9           3 -0.89521239016666654        1.0733652016666666     
           9           4  -2.0924594750000001      -0.51781003816666660     
           9           5  0.98513122733333325        2.4016550466666668     
           9           6   1.8261505549999999        2.4903715266666664     
           9           7   2.5838323600000002        2.2806963066666666     
           9           8   2.5339048866666669        8.3079049533333324E-002
           9           9   2.4709178369999998E-002 -0.84321068616666650     
          10           0   2.3511262683333332E-002   0.00000000    
          10           1 -0.40814686449999993      -0.57768314016666666     
          10           2  0.37585856849999993       -9.2745319316666658E-002
          10           3 -0.13652365433333333       0.36681629400000004     
          10           4   9.8382641116666655E-002  0.62835682250000002     
          10           5  0.18509958550000000       0.72173356999999994     
          10           6  0.87945448183333319        1.5694501466666666     
          10           7  0.90821565683333327       0.73756268283333326     
          10           8  0.58345495549999993       -4.0424889749999998E-002
          10           9 -0.46719346566666664      -0.29353637299999996     
          10          10 -0.19483939750000001       0.16553666249999999     
